depth_m	density_gcc	s_v	hydrostatic_pres	porosity	gradient
3666.592	2.288	56.839	35.933		
3666.744	2.253	56.842	35.934		22.081
3666.896	2.209	56.845	35.936		21.65
3667.049	2.239	56.849	35.937		21.941
3667.201	2.258	56.852	35.939		22.128
3667.354	2.329	56.856	35.94		22.821
3667.506	2.293	56.859	35.942		22.473
3667.658	2.254	56.862	35.943		22.091
3667.811	2.207	56.866	35.945		21.63
3667.963	2.177	56.869	35.946		21.336
3668.116	2.159	56.872	35.948		21.159
3668.268	2.247	56.875	35.949		22.017
3668.42	2.251	56.879	35.951		22.06
3668.573	2.225	56.882	35.952		21.806
3668.725	2.22	56.885	35.954		21.756
3668.878	2.241	56.889	35.955		21.961
3669.03	2.254	56.892	35.956		22.089
3669.182	2.24	56.896	35.958		21.953
3669.335	2.261	56.899	35.959		22.157
3669.487	2.321	56.902	35.961		22.743
3669.64	2.327	56.906	35.962		22.804
3669.792	2.47	56.91	35.964		24.21
3669.944	2.469	56.913	35.965		24.196
3670.097	2.389	56.917	35.967		23.415
3670.249	2.276	56.92	35.968		22.309
3670.402	2.291	56.924	35.97		22.451
3670.554	2.373	56.927	35.971		23.252
3670.706	2.354	56.931	35.973		23.07
3670.859	2.448	56.934	35.974		23.987
3671.011	2.409	56.938	35.976		23.61
3671.164	2.398	56.941	35.977		23.501
3671.316	2.274	56.945	35.979		22.29
3671.468	2.264	56.948	35.98		22.188
3671.621	2.29	56.952	35.982		22.441
3671.773	2.325	56.955	35.983		22.784
3671.926	2.323	56.959	35.985		22.765
3672.078	2.402	56.962	35.986		23.537
3672.23	2.492	56.966	35.988		24.418
3672.383	2.445	56.97	35.989		23.963
3672.535	2.364	56.973	35.991		23.17
3672.688	2.338	56.977	35.992		22.913
3672.84	2.389	56.98	35.994		23.41
3672.992	2.008	56.983	35.995		19.674
3673.145	1.991	56.986	35.997		19.512
3673.297	2.221	56.989	35.998		21.767
3673.45	2.269	56.993	36.0		22.234
3673.602	2.279	56.996	36.001		22.334
3673.754	2.247	57.0	36.003		22.022
3673.907	2.284	57.003	36.004		22.382
3674.059	2.353	57.007	36.006		23.057
3674.212	2.403	57.01	36.007		23.547
3674.364	2.314	57.014	36.009		22.681
3674.516	2.289	57.017	36.01		22.433
3674.669	2.285	57.02	36.012		22.393
3674.821	2.276	57.024	36.013		22.305
3674.974	2.286	57.027	36.015		22.402
3675.126	2.298	57.031	36.016		22.517
3675.278	2.245	57.034	36.018		22.003
3675.431	2.26	57.037	36.019		22.147
3675.583	2.217	57.041	36.021		21.728
3675.736	2.245	57.044	36.022		22.0
3675.888	2.225	57.047	36.024		21.806
3676.04	2.29	57.051	36.025		22.439
3676.193	2.288	57.054	36.027		22.422
3676.345	2.25	57.058	36.028		22.051
3676.498	2.298	57.061	36.03		22.519
3676.65	2.223	57.064	36.031		21.788
3676.802	2.199	57.068	36.033		21.551
3676.955	2.345	57.071	36.034		22.985
3677.107	2.283	57.075	36.036		22.376
3677.26	2.244	57.078	36.037		21.993
3677.412	2.293	57.081	36.039		22.47
3677.564	2.271	57.085	36.04		22.257
3677.717	2.308	57.088	36.042		22.617
3677.869	2.265	57.092	36.043		22.199
3678.022	2.232	57.095	36.045		21.875
3678.174	2.24	57.098	36.046		21.952
3678.326	2.246	57.102	36.048		22.011
3678.479	2.26	57.105	36.049		22.147
3678.631	2.278	57.108	36.051		22.324
3678.784	2.272	57.112	36.052		22.266
3678.936	2.274	57.115	36.054		22.285
3679.088	2.251	57.118	36.055		22.061
3679.241	2.247	57.122	36.057		22.021
3679.393	2.244	57.125	36.058		21.991
3679.546	2.237	57.129	36.06		21.923
3679.698	2.268	57.132	36.061		22.225
3679.85	2.324	57.135	36.063		22.773
3680.003	2.303	57.139	36.064		22.57
3680.155	2.256	57.142	36.066		22.111
3680.308	2.24	57.146	36.067		21.953
3680.46	2.238	57.149	36.069		21.932
3680.612	2.23	57.152	36.07		21.854
3680.765	2.236	57.156	36.071		21.913
3680.917	2.247	57.159	36.073		22.02
3681.07	2.228	57.162	36.074		21.835
3681.222	2.258	57.166	36.076		22.127
3681.374	2.243	57.169	36.077		21.982
3681.527	2.266	57.172	36.079		22.206
3681.679	2.253	57.176	36.08		22.08
3681.832	2.245	57.179	36.082		22.001
3681.984	2.248	57.182	36.083		22.03
3682.136	2.227	57.186	36.085		21.825
3682.289	2.253	57.189	36.086		22.078
3682.441	2.241	57.192	36.088		21.962
3682.594	2.28	57.196	36.089		22.342
3682.746	2.252	57.199	36.091		22.071
3682.898	2.248	57.203	36.092		22.031
3683.051	2.216	57.206	36.094		21.718
3683.203	2.244	57.209	36.095		21.99
3683.356	2.242	57.213	36.097		21.972
3683.508	2.186	57.216	36.098		21.425
3683.66	2.179	57.219	36.1		21.354
3683.813	2.186	57.222	36.101		21.423
3683.965	2.213	57.226	36.103		21.686
3684.118	2.184	57.229	36.104		21.404
3684.27	2.181	57.232	36.106		21.374
3684.422	2.206	57.236	36.107		21.618
3684.575	2.216	57.239	36.109		21.716
3684.727	2.216	57.242	36.11		21.717
3684.88	2.146	57.245	36.112		21.033
3685.032	2.131	57.249	36.113		20.884
3685.184	2.06	57.252	36.115		20.191
3685.337	2.152	57.255	36.116		21.086
3685.489	2.136	57.258	36.118		20.933
3685.642	2.168	57.261	36.119		21.245
3685.794	2.149	57.264	36.121		21.061
3685.946	2.162	57.268	36.122		21.187
3686.099	2.255	57.271	36.124		22.095
3686.251	2.234	57.274	36.125		21.893
3686.404	2.218	57.278	36.127		21.737
3686.556	2.229	57.281	36.128		21.844
3686.708	2.27	57.284	36.13		22.244
3686.861	2.266	57.288	36.131		22.207
3687.013	2.313	57.291	36.133		22.666
3687.166	2.256	57.295	36.134		22.111
3687.318	2.218	57.298	36.136		21.738
3687.47	2.234	57.301	36.137		21.893
3687.623	2.24	57.305	36.139		21.952
3687.775	2.264	57.308	36.14		22.186
3687.928	2.26	57.311	36.142		22.148
3688.08	2.262	57.315	36.143		22.168
3688.232	2.268	57.318	36.145		22.226
3688.385	2.272	57.322	36.146		22.265
3688.537	2.261	57.325	36.148		22.158
3688.69	2.285	57.328	36.149		22.392
3688.842	2.208	57.332	36.151		21.641
3688.994	2.3	57.335	36.152		22.536
3689.147	2.275	57.338	36.154		22.296
3689.299	2.307	57.342	36.155		22.607
3689.452	2.354	57.345	36.157		23.067
3689.604	2.317	57.349	36.158		22.708
3689.756	2.288	57.352	36.16		22.424
3689.909	2.273	57.356	36.161		22.276
3690.061	2.24	57.359	36.163		21.953
3690.214	2.29	57.362	36.164		22.44
3690.366	2.216	57.366	36.166		21.72
3690.518	2.316	57.369	36.167		22.693
3690.671	2.315	57.373	36.169		22.687
3690.823	2.356	57.376	36.17		23.087
3690.976	2.317	57.38	36.172		22.708
3691.128	2.342	57.383	36.173		22.951
3691.28	2.304	57.387	36.175		22.581
3691.433	2.29	57.39	36.176		22.443
3691.585	2.311	57.393	36.178		22.647
3691.738	2.289	57.397	36.179		22.433
3691.89	2.264	57.4	36.181		22.188
3692.042	1.997	57.403	36.182		19.571
3692.195	2.257	57.407	36.184		22.118
3692.347	2.366	57.41	36.185		23.183
3692.5	2.281	57.414	36.186		22.357
3692.652	2.276	57.417	36.188		22.305
3692.804	2.264	57.42	36.189		22.188
3692.957	2.229	57.424	36.191		21.846
3693.109	2.244	57.427	36.192		21.991
3693.262	2.229	57.43	36.194		21.845
3693.414	2.247	57.434	36.195		22.02
3693.566	2.26	57.437	36.197		22.148
3693.719	2.262	57.44	36.198		22.168
3693.871	2.272	57.444	36.2		22.265
3694.024	2.66	57.448	36.201		26.068
3694.176	2.567	57.452	36.203		25.161
3694.328	2.412	57.455	36.204		23.634
3694.481	2.343	57.459	36.206		22.964
3694.633	2.335	57.462	36.207		22.883
3694.786	2.32	57.466	36.209		22.737
3694.938	2.333	57.469	36.21		22.863
3695.09	2.317	57.473	36.212		22.707
3695.243	2.356	57.476	36.213		23.087
3695.395	2.247	57.48	36.215		22.025
3695.548	2.271	57.483	36.216		22.255
3695.7	2.272	57.486	36.218		22.266
3695.852	2.243	57.49	36.219		21.983
3696.005	2.232	57.493	36.221		21.874
3696.157	2.208	57.496	36.222		21.639
3696.31	2.223	57.5	36.224		21.785
3696.462	2.221	57.503	36.225		21.766
3696.614	2.22	57.506	36.227		21.756
3696.767	2.229	57.51	36.228		21.844
3696.919	2.258	57.513	36.23		22.127
3697.072	2.247	57.516	36.231		22.021
3697.224	2.227	57.52	36.233		21.825
3697.376	2.22	57.523	36.234		21.757
3697.529	2.231	57.526	36.236		21.863
3697.681	2.233	57.53	36.237		21.883
3697.834	2.316	57.533	36.239		22.694
3697.986	2.293	57.536	36.24		22.472
3698.138	2.255	57.54	36.242		22.1
3698.291	2.253	57.543	36.243		22.079
3698.443	2.233	57.547	36.245		21.884
3698.596	2.216	57.55	36.246		21.717
3698.748	2.216	57.553	36.248		21.717
3698.9	2.214	57.556	36.249		21.697
3699.053	2.307	57.56	36.251		22.605
3699.205	2.328	57.563	36.252		22.814
3699.358	2.206	57.567	36.254		21.624
3699.51	2.246	57.57	36.255		22.009
3699.662	2.214	57.573	36.257		21.698
3699.815	2.235	57.577	36.258		21.902
3699.967	2.232	57.58	36.26		21.874
3700.12	2.213	57.583	36.261		21.688
3700.272	2.227	57.587	36.263		21.824
3700.424	2.227	57.59	36.264		21.825
3700.577	2.233	57.593	36.266		21.883
3700.729	2.217	57.597	36.267		21.727
3700.882	2.223	57.6	36.269		21.785
3701.034	2.185	57.603	36.27		21.414
3701.186	2.189	57.606	36.272		21.452
3701.339	2.189	57.61	36.273		21.452
3701.491	2.22	57.613	36.275		21.755
3701.644	2.223	57.616	36.276		21.786
3701.796	2.219	57.62	36.278		21.747
3701.948	2.239	57.623	36.279		21.941
3702.101	2.217	57.626	36.281		21.727
3702.253	2.214	57.63	36.282		21.697
3702.406	2.225	57.633	36.284		21.805
3702.558	2.212	57.636	36.285		21.678
3702.71	2.15	57.64	36.287		21.072
3702.863	2.232	57.643	36.288		21.87
3703.015	2.258	57.646	36.29		22.127
3703.168	2.548	57.65	36.291		24.969
3703.32	2.551	57.654	36.293		25.0
3703.472	2.586	57.658	36.294		25.341
3703.625	2.66	57.662	36.296		26.068
3703.777	2.618	57.666	36.297		25.659
3703.93	2.606	57.669	36.299		25.539
3704.082	2.567	57.673	36.3		25.158
3704.234	2.564	57.677	36.301		25.127
3704.387	2.548	57.681	36.303		24.971
3704.539	2.576	57.685	36.304		25.244
3704.692	2.587	57.689	36.306		25.352
3704.844	2.462	57.692	36.307		24.132
3704.996	2.51	57.696	36.309		24.596
3705.149	2.309	57.7	36.31		22.626
3705.301	2.345	57.703	36.312		22.98
3705.454	2.407	57.707	36.313		23.586
3705.606	2.417	57.71	36.315		23.686
3705.758	2.471	57.714	36.316		24.214
3705.911	2.565	57.718	36.318		25.133
3706.063	2.552	57.722	36.319		25.01
3706.216	2.48	57.725	36.321		24.307
3706.368	2.491	57.729	36.322		24.411
3706.52	2.529	57.733	36.324		24.783
3706.673	2.462	57.736	36.325		24.13
3706.825	2.45	57.74	36.327		24.01
3706.978	2.465	57.744	36.328		24.156
3707.13	2.458	57.747	36.33		24.089
3707.282	2.462	57.751	36.331		24.127
3707.435	2.453	57.755	36.333		24.04
3707.587	2.408	57.758	36.334		23.6
3707.74	2.401	57.762	36.336		23.53
3707.892	2.395	57.766	36.337		23.471
3708.044	2.414	57.769	36.339		23.656
3708.197	2.407	57.773	36.34		23.589
3708.349	2.409	57.776	36.342		23.608
3708.502	2.428	57.78	36.343		23.797
3708.654	2.461	57.784	36.345		24.117
3708.806	2.456	57.787	36.346		24.069
3708.959	2.469	57.791	36.348		24.196
3709.111	2.44	57.795	36.349		23.913
3709.264	2.419	57.798	36.351		23.707
3709.416	2.449	57.802	36.352		23.999
3709.568	2.466	57.806	36.354		24.166
3709.721	2.479	57.809	36.355		24.294
3709.873	2.45	57.813	36.357		24.011
3710.026	2.455	57.817	36.358		24.059
3710.178	2.473	57.82	36.36		24.235
3710.33	2.497	57.824	36.361		24.47
3710.483	2.47	57.828	36.363		24.207
3710.635	2.502	57.831	36.364		24.518
3710.788	2.513	57.835	36.366		24.627
3710.94	2.465	57.839	36.367		24.159
3711.092	2.47	57.843	36.369		24.206
3711.245	2.443	57.846	36.37		23.942
3711.397	2.461	57.85	36.372		24.117
3711.55	2.476	57.854	36.373		24.264
3711.702	2.454	57.857	36.375		24.05
3711.854	2.479	57.861	36.376		24.293
3712.007	2.454	57.865	36.378		24.05
3712.159	2.453	57.868	36.379		24.039
3712.312	2.447	57.872	36.381		23.981
3712.464	2.473	57.876	36.382		24.234
3712.616	2.474	57.879	36.384		24.245
3712.769	2.49	57.883	36.385		24.401
3712.921	2.47	57.887	36.387		24.207
3713.074	2.418	57.89	36.388		23.698
3713.226	2.477	57.894	36.39		24.272
3713.378	2.477	57.898	36.391		24.275
3713.531	2.507	57.902	36.393		24.567
3713.683	2.5	57.905	36.394		24.5
3713.836	2.478	57.909	36.396		24.285
3713.988	2.47	57.913	36.397		24.206
3714.14	2.441	57.916	36.399		23.923
3714.293	2.432	57.92	36.4		23.834
3714.445	2.425	57.924	36.402		23.765
3714.598	2.386	57.927	36.403		23.384
3714.75	2.362	57.931	36.405		23.149
3714.902	2.367	57.934	36.406		23.196
3715.055	2.371	57.938	36.408		23.236
3715.207	2.43	57.941	36.409		23.812
3715.36	2.428	57.945	36.411		23.794
3715.512	2.412	57.949	36.412		23.638
3715.664	2.395	57.952	36.414		23.472
3715.817	2.502	57.956	36.415		24.515
3715.969	2.66	57.96	36.416		26.068
3716.122	2.643	57.964	36.418		25.902
3716.274	2.568	57.968	36.419		25.169
3716.426	2.605	57.972	36.421		25.528
3716.579	2.419	57.975	36.422		23.704
3716.731	2.397	57.979	36.424		23.491
3716.884	2.515	57.982	36.425		24.642
3717.036	2.398	57.986	36.427		23.505
3717.188	2.41	57.99	36.428		23.618
3717.341	2.418	57.993	36.43		23.696
3717.493	2.445	57.997	36.431		23.96
3717.646	2.42	58.001	36.433		23.717
3717.798	2.459	58.004	36.434		24.097
3717.95	2.455	58.008	36.436		24.059
3718.103	2.44	58.012	36.437		23.913
3718.255	2.461	58.015	36.439		24.117
3718.408	2.476	58.019	36.44		24.264
3718.56	2.448	58.023	36.442		23.991
3718.712	2.46	58.026	36.443		24.108
3718.865	2.478	58.03	36.445		24.284
3719.017	2.473	58.034	36.446		24.236
3719.17	2.528	58.037	36.448		24.772
3719.322	2.45	58.041	36.449		24.013
3719.474	2.419	58.045	36.451		23.707
3719.627	2.441	58.048	36.452		23.917
3719.779	2.492	58.052	36.454		24.42
3719.932	2.435	58.056	36.455		23.865
3720.084	2.471	58.059	36.457		24.214
3720.236	2.485	58.063	36.458		24.352
3720.389	2.45	58.067	36.46		24.011
3720.541	2.464	58.07	36.461		24.147
3720.694	2.404	58.074	36.463		23.562
3720.846	2.434	58.078	36.464		23.852
3720.998	2.451	58.081	36.466		24.019
3721.151	2.448	58.085	36.467		23.991
3721.303	2.476	58.089	36.469		24.264
3721.456	2.476	58.092	36.47		24.265
3721.608	2.476	58.096	36.472		24.265
3721.76	2.489	58.1	36.473		24.392
3721.913	2.507	58.104	36.475		24.568
3722.065	2.464	58.107	36.476		24.149
3722.218	2.492	58.111	36.478		24.421
3722.37	2.474	58.115	36.479		24.246
3722.522	2.44	58.118	36.481		23.913
3722.675	2.549	58.122	36.482		24.976
3722.827	2.477	58.126	36.484		24.277
3722.98	2.491	58.129	36.485		24.411
3723.132	2.452	58.133	36.487		24.031
3723.284	2.475	58.137	36.488		24.254
3723.437	2.466	58.141	36.49		24.167
3723.589	2.461	58.144	36.491		24.118
3723.742	2.499	58.148	36.493		24.489
3723.894	2.432	58.152	36.494		23.836
3724.046	2.497	58.155	36.496		24.468
3724.199	2.457	58.159	36.497		24.08
3724.351	2.482	58.163	36.499		24.323
3724.504	2.493	58.166	36.5		24.431
3724.656	2.469	58.17	36.502		24.197
3724.808	2.492	58.174	36.503		24.421
3724.961	2.472	58.178	36.505		24.226
3725.113	2.475	58.181	36.506		24.255
3725.266	2.474	58.185	36.508		24.245
3725.418	2.49	58.189	36.509		24.401
3725.57	2.436	58.192	36.511		23.875
3725.723	2.422	58.196	36.512		23.736
3725.875	2.465	58.2	36.514		24.155
3726.028	2.479	58.203	36.515		24.294
3726.18	2.449	58.207	36.517		24.001
3726.332	2.47	58.211	36.518		24.205
3726.485	2.495	58.214	36.52		24.45
3726.637	2.463	58.218	36.521		24.139
3726.79	2.472	58.222	36.523		24.225
3726.942	2.455	58.225	36.524		24.06
3727.094	2.481	58.229	36.526		24.313
3727.247	2.489	58.233	36.527		24.392
3727.399	2.477	58.236	36.529		24.275
3727.552	2.499	58.24	36.53		24.489
3727.704	2.471	58.244	36.531		24.217
3727.856	2.484	58.248	36.533		24.343
3728.009	2.439	58.251	36.534		23.904
3728.161	2.489	58.255	36.536		24.39
3728.314	2.487	58.259	36.537		24.373
3728.466	2.501	58.262	36.539		24.509
3728.618	2.527	58.266	36.54		24.764
3728.771	2.465	58.27	36.542		24.159
3728.923	2.477	58.274	36.543		24.274
3729.076	2.477	58.277	36.545		24.275
3729.228	2.465	58.281	36.546		24.157
3729.38	2.454	58.285	36.548		24.05
3729.533	2.473	58.288	36.549		24.235
3729.685	2.449	58.292	36.551		24.001
3729.838	2.467	58.296	36.552		24.176
3729.99	2.444	58.299	36.554		23.952
3730.142	2.415	58.303	36.555		23.668
3730.295	2.455	58.307	36.557		24.057
3730.447	2.437	58.31	36.558		23.883
3730.6	2.389	58.314	36.56		23.414
3730.752	2.4	58.317	36.561		23.518
3730.904	2.424	58.321	36.563		23.753
3731.057	2.454	58.325	36.564		24.048
3731.209	2.428	58.328	36.566		23.795
3731.362	2.442	58.332	36.567		23.931
3731.514	2.509	58.336	36.569		24.586
3731.666	2.615	58.34	36.57		25.623
3731.819	2.465	58.343	36.572		24.153
3731.971	2.625	58.347	36.573		25.729
3732.124	2.497	58.351	36.575		24.466
3732.276	2.435	58.355	36.576		23.865
3732.428	2.421	58.358	36.578		23.726
3732.581	2.436	58.362	36.579		23.872
3732.733	2.435	58.365	36.581		23.863
3732.886	2.427	58.369	36.582		23.785
3733.038	2.452	58.373	36.584		24.029
3733.19	2.468	58.376	36.585		24.186
3733.343	2.466	58.38	36.587		24.167
3733.495	2.457	58.384	36.588		24.079
3733.648	2.447	58.387	36.59		23.981
3733.8	2.466	58.391	36.591		24.166
3733.952	2.459	58.395	36.593		24.098
3734.105	2.449	58.398	36.594		24.001
3734.257	2.457	58.402	36.596		24.078
3734.41	2.483	58.406	36.597		24.332
3734.562	2.499	58.41	36.599		24.49
3734.714	2.47	58.413	36.6		24.207
3734.867	2.45	58.417	36.602		24.011
3735.019	2.454	58.421	36.603		24.049
3735.172	2.466	58.424	36.605		24.166
3735.324	2.462	58.428	36.606		24.128
3735.476	2.461	58.432	36.608		24.118
3735.629	2.45	58.435	36.609		24.01
3735.781	2.437	58.439	36.611		23.883
3735.934	2.412	58.443	36.612		23.639
3736.086	2.441	58.446	36.614		23.921
3736.238	2.465	58.45	36.615		24.156
3736.391	2.48	58.454	36.617		24.303
3736.543	2.464	58.457	36.618		24.148
3736.696	2.485	58.461	36.62		24.352
3736.848	2.471	58.465	36.621		24.216
3737.0	2.456	58.468	36.623		24.069
3737.153	2.461	58.472	36.624		24.118
3737.305	2.448	58.476	36.626		23.991
3737.458	2.442	58.479	36.627		23.932
3737.61	2.433	58.483	36.629		23.844
3737.762	2.431	58.487	36.63		23.824
3737.915	2.423	58.49	36.632		23.746
3738.067	2.402	58.494	36.633		23.54
3738.22	2.444	58.497	36.635		23.95
3738.372	2.495	58.501	36.636		24.449
3738.524	2.455	58.505	36.638		24.061
3738.677	2.475	58.508	36.639		24.254
3738.829	2.465	58.512	36.641		24.157
3738.982	2.44	58.516	36.642		23.913
3739.134	2.452	58.519	36.644		24.029
3739.286	2.429	58.523	36.645		23.805
3739.439	2.421	58.527	36.647		23.726
3739.591	2.463	58.53	36.648		24.136
3739.744	2.457	58.534	36.649		24.079
3739.896	2.431	58.538	36.651		23.825
3740.048	2.457	58.541	36.652		24.078
3740.201	2.455	58.545	36.654		24.059
3740.353	2.448	58.549	36.655		23.991
3740.506	2.474	58.552	36.657		24.244
3740.658	2.469	58.556	36.658		24.196
3740.81	2.56	58.56	36.66		25.084
3740.963	2.587	58.564	36.661		25.352
3741.115	2.478	58.567	36.663		24.289
3741.268	2.416	58.571	36.664		23.679
3741.42	2.416	58.575	36.666		23.677
3741.572	2.481	58.578	36.667		24.311
3741.725	2.455	58.582	36.669		24.06
3741.877	2.456	58.586	36.67		24.069
3742.03	2.454	58.589	36.672		24.049
3742.182	2.47	58.593	36.673		24.205
3742.334	2.468	58.597	36.675		24.186
3742.487	2.467	58.6	36.676		24.177
3742.639	2.429	58.604	36.678		23.806
3742.792	2.429	58.608	36.679		23.804
3742.944	2.429	58.611	36.681		23.804
3743.096	2.426	58.615	36.682		23.775
3743.249	2.441	58.619	36.684		23.921
3743.401	2.421	58.622	36.685		23.727
3743.554	2.433	58.626	36.687		23.843
3743.706	2.42	58.629	36.688		23.716
3743.858	2.46	58.633	36.69		24.106
3744.011	2.45	58.637	36.691		24.01
3744.163	2.442	58.64	36.693		23.932
3744.316	2.428	58.644	36.694		23.795
3744.468	2.465	58.648	36.696		24.156
3744.62	2.457	58.651	36.697		24.079
3744.773	2.449	58.655	36.699		24.001
3744.925	2.441	58.659	36.7		23.922
3745.078	2.439	58.662	36.702		23.902
3745.23	2.432	58.666	36.703		23.834
3745.382	2.463	58.67	36.705		24.136
3745.535	2.433	58.673	36.706		23.845
3745.687	2.427	58.677	36.708		23.785
3745.84	2.404	58.681	36.709		23.56
3745.992	2.422	58.684	36.711		23.735
3746.144	2.418	58.688	36.712		23.697
3746.297	2.427	58.691	36.714		23.784
3746.449	2.463	58.695	36.715		24.136
3746.602	2.46	58.699	36.717		24.108
3746.754	2.47	58.702	36.718		24.206
3746.906	2.441	58.706	36.72		23.923
3747.059	2.419	58.71	36.721		23.707
3747.211	2.431	58.713	36.723		23.823
3747.364	2.434	58.717	36.724		23.853
3747.516	2.444	58.721	36.726		23.951
3747.668	2.428	58.724	36.727		23.795
3747.821	2.448	58.728	36.729		23.99
3747.973	2.453	58.732	36.73		24.039
3748.126	2.438	58.735	36.732		23.893
3748.278	2.438	58.739	36.733		23.892
3748.43	2.45	58.742	36.735		24.01
3748.583	2.454	58.746	36.736		24.049
3748.735	2.438	58.75	36.738		23.893
3748.888	2.462	58.753	36.739		24.127
3749.04	2.459	58.757	36.741		24.098
3749.192	2.471	58.761	36.742		24.215
3749.345	2.445	58.764	36.744		23.962
3749.497	2.461	58.768	36.745		24.117
3749.65	2.458	58.772	36.747		24.089
3749.802	2.439	58.775	36.748		23.903
3749.954	2.466	58.779	36.75		24.166
3750.107	2.442	58.783	36.751		23.933
3750.259	2.48	58.786	36.753		24.303
3750.412	2.464	58.79	36.754		24.148
3750.564	2.458	58.794	36.756		24.089
3750.716	2.448	58.797	36.757		23.991
3750.869	2.444	58.801	36.759		23.951
3751.021	2.458	58.805	36.76		24.088
3751.174	2.445	58.808	36.762		23.962
3751.326	2.437	58.812	36.763		23.883
3751.478	2.444	58.816	36.764		23.951
3751.631	2.451	58.819	36.766		24.02
3751.783	2.457	58.823	36.767		24.078
3751.936	2.469	58.827	36.769		24.196
3752.088	2.475	58.83	36.77		24.255
3752.24	2.489	58.834	36.772		24.392
3752.393	2.463	58.838	36.773		24.138
3752.545	2.465	58.842	36.775		24.157
3752.698	2.47	58.845	36.776		24.206
3752.85	2.472	58.849	36.778		24.226
3753.002	2.472	58.853	36.779		24.226
3753.155	2.461	58.856	36.781		24.118
3753.307	2.457	58.86	36.782		24.079
3753.46	2.48	58.864	36.784		24.303
3753.612	2.472	58.867	36.785		24.226
3753.764	2.48	58.871	36.787		24.304
3753.917	2.451	58.875	36.788		24.021
3754.069	2.452	58.878	36.79		24.03
3754.222	2.444	58.882	36.791		23.952
3754.374	2.441	58.886	36.793		23.922
3754.526	2.431	58.889	36.794		23.824
3754.679	2.458	58.893	36.796		24.087
3754.831	2.465	58.897	36.797		24.157
3754.984	2.456	58.9	36.799		24.069
3755.136	2.448	58.904	36.8		23.991
3755.288	2.439	58.908	36.802		23.903
3755.441	2.44	58.911	36.803		23.912
3755.593	2.45	58.915	36.805		24.01
3755.746	2.468	58.919	36.806		24.186
3755.898	2.444	58.922	36.808		23.952
3756.05	2.453	58.926	36.809		24.039
3756.203	2.432	58.93	36.811		23.834
3756.355	2.467	58.933	36.812		24.175
3756.508	2.477	58.937	36.814		24.274
3756.66	2.471	58.941	36.815		24.216
3756.812	2.452	58.944	36.817		24.03
3756.965	2.463	58.948	36.818		24.137
3757.117	2.454	58.952	36.82		24.05
3757.27	2.455	58.955	36.821		24.059
3757.422	2.444	58.959	36.823		23.952
3757.574	2.467	58.963	36.824		24.176
3757.727	2.45	58.966	36.826		24.011
3757.879	2.489	58.97	36.827		24.391
3758.032	2.461	58.974	36.829		24.119
3758.184	2.452	58.977	36.83		24.03
3758.336	2.471	58.981	36.832		24.215
3758.489	2.449	58.985	36.833		24.001
3758.641	2.443	58.988	36.835		23.942
3758.794	2.489	58.992	36.836		24.39
3758.946	2.535	58.996	36.838		24.841
3759.098	2.509	59.0	36.839		24.589
3759.251	2.505	59.003	36.841		24.552
3759.403	2.555	59.007	36.842		25.037
3759.556	2.554	59.011	36.844		25.029
3759.708	2.466	59.015	36.845		24.17
3759.86	2.433	59.018	36.847		23.845
3760.013	2.416	59.022	36.848		23.677
3760.165	2.424	59.026	36.85		23.755
3760.318	2.444	59.029	36.851		23.95
3760.47	2.451	59.033	36.853		24.02
3760.622	2.44	59.036	36.854		23.912
3760.775	2.449	59.04	36.856		24.0
3760.927	2.494	59.044	36.857		24.439
3761.08	2.505	59.048	36.859		24.549
3761.232	2.455	59.051	36.86		24.061
3761.384	2.443	59.055	36.862		23.942
3761.537	2.44	59.059	36.863		23.912
3761.689	2.468	59.062	36.865		24.185
3761.842	2.463	59.066	36.866		24.138
3761.994	2.443	59.07	36.868		23.942
3762.146	2.421	59.073	36.869		23.727
3762.299	2.398	59.077	36.871		23.501
3762.451	2.434	59.08	36.872		23.852
3762.604	2.439	59.084	36.874		23.902
3762.756	2.467	59.088	36.875		24.176
3762.908	2.446	59.091	36.877		23.972
3763.061	2.516	59.095	36.878		24.654
3763.213	2.5	59.099	36.879		24.501
3763.366	2.505	59.103	36.881		24.549
3763.518	2.48	59.106	36.882		24.305
3763.67	2.495	59.11	36.884		24.45
3763.823	2.51	59.114	36.885		24.597
3763.975	2.504	59.118	36.887		24.539
3764.128	2.507	59.121	36.888		24.568
3764.28	2.526	59.125	36.89		24.754
3764.432	2.533	59.129	36.891		24.823
3764.585	2.513	59.133	36.893		24.628
3764.737	2.528	59.136	36.894		24.777
3764.89	2.516	59.14	36.896		24.66
3765.042	2.468	59.144	36.897		24.188
3765.194	2.566	59.148	36.899		25.143
3765.347	2.517	59.151	36.9		24.668
3765.499	2.517	59.155	36.902		24.667
3765.652	2.503	59.159	36.903		24.53
3765.804	2.507	59.163	36.905		24.568
3765.956	2.504	59.166	36.906		24.539
3766.109	2.502	59.17	36.908		24.52
3766.261	2.527	59.174	36.909		24.764
3766.414	2.521	59.178	36.911		24.706
3766.566	2.525	59.181	36.912		24.745
3766.718	2.529	59.185	36.914		24.784
3766.871	2.531	59.189	36.915		24.804
3767.023	2.518	59.193	36.917		24.677
3767.176	2.498	59.196	36.918		24.481
3767.328	2.504	59.2	36.92		24.539
3767.48	2.539	59.204	36.921		24.881
3767.633	2.579	59.208	36.923		25.273
3767.785	2.59	59.212	36.924		25.382
3767.938	2.566	59.216	36.926		25.148
3768.09	2.558	59.219	36.927		25.069
3768.242	2.545	59.223	36.929		24.941
3768.395	2.523	59.227	36.93		24.726
3768.547	2.515	59.231	36.932		24.647
3768.7	2.53	59.234	36.933		24.793
3768.852	2.524	59.238	36.935		24.735
3769.004	2.514	59.242	36.936		24.638
3769.157	2.513	59.246	36.938		24.627
3769.309	2.511	59.25	36.939		24.608
3769.462	2.524	59.253	36.941		24.735
3769.614	2.622	59.257	36.942		25.692
3769.766	2.601	59.261	36.944		25.491
3769.919	2.601	59.265	36.945		25.49
3770.071	2.553	59.269	36.947		25.021
3770.224	2.537	59.273	36.948		24.863
3770.376	2.529	59.276	36.95		24.784
3770.528	2.514	59.28	36.951		24.638
3770.681	2.513	59.284	36.953		24.627
3770.833	2.538	59.288	36.954		24.871
3770.986	2.49	59.291	36.956		24.404
3771.138	2.486	59.295	36.957		24.363
3771.29	2.512	59.299	36.959		24.617
3771.443	2.499	59.303	36.96		24.491
3771.595	2.5	59.306	36.962		24.5
3771.748	2.488	59.31	36.963		24.383
3771.9	2.501	59.314	36.965		24.509
3772.052	2.478	59.317	36.966		24.285
3772.205	2.506	59.321	36.968		24.558
3772.357	2.522	59.325	36.969		24.715
3772.51	2.484	59.329	36.971		24.345
3772.662	2.467	59.332	36.972		24.177
3772.814	2.541	59.336	36.974		24.899
3772.967	2.569	59.34	36.975		25.175
3773.119	2.512	59.344	36.977		24.62
3773.272	2.514	59.348	36.978		24.637
3773.424	2.484	59.351	36.98		24.344
3773.576	2.505	59.355	36.981		24.548
3773.729	2.494	59.359	36.983		24.442
3773.881	2.478	59.362	36.984		24.285
3774.034	2.517	59.366	36.986		24.665
3774.186	2.514	59.37	36.987		24.637
3774.338	2.5	59.374	36.989		24.501
3774.491	2.498	59.377	36.99		24.48
3774.643	2.504	59.381	36.992		24.539
3774.796	2.509	59.385	36.993		24.588
3774.948	2.584	59.389	36.994		25.32
3775.1	2.546	59.393	36.996		24.952
3775.253	2.526	59.396	36.997		24.756
3775.405	2.539	59.4	36.999		24.882
3775.558	2.515	59.404	37.0		24.648
3775.71	2.487	59.408	37.002		24.374
3775.862	2.479	59.411	37.003		24.295
3776.015	2.481	59.415	37.005		24.314
3776.167	2.516	59.419	37.006		24.655
3776.32	2.526	59.422	37.008		24.754
3776.472	2.468	59.426	37.009		24.189
3776.624	2.486	59.43	37.011		24.362
3776.777	2.472	59.434	37.012		24.226
3776.929	2.496	59.437	37.014		24.46
3777.082	2.496	59.441	37.015		24.461
3777.234	2.502	59.445	37.017		24.519
3777.386	2.477	59.448	37.018		24.276
3777.539	2.476	59.452	37.02		24.265
3777.691	2.477	59.456	37.021		24.275
3777.844	2.501	59.46	37.023		24.509
3777.996	2.527	59.463	37.024		24.764
3778.148	2.524	59.467	37.026		24.735
3778.301	2.644	59.471	37.027		25.907
3778.453	2.66	59.475	37.029		26.068
3778.606	2.66	59.479	37.03		26.068
3778.758	2.546	59.483	37.032		24.947
3778.91	2.568	59.487	37.033		25.166
3779.063	2.499	59.49	37.035		24.493
3779.215	2.517	59.494	37.036		24.666
3779.368	2.526	59.498	37.038		24.754
3779.52	2.489	59.502	37.039		24.394
3779.672	2.528	59.505	37.041		24.773
3779.825	2.54	59.509	37.042		24.892
3779.977	2.529	59.513	37.044		24.785
3780.13	2.519	59.517	37.045		24.687
3780.282	2.53	59.521	37.047		24.794
3780.434	2.523	59.524	37.048		24.726
3780.587	2.512	59.528	37.05		24.618
3780.739	2.498	59.532	37.051		24.481
3780.892	2.501	59.536	37.053		24.51
3781.044	2.499	59.539	37.054		24.49
3781.196	2.49	59.543	37.056		24.402
3781.349	2.488	59.547	37.057		24.382
3781.501	2.472	59.55	37.059		24.221
3781.654	2.528	59.554	37.06		24.772
3781.806	2.526	59.558	37.062		24.755
3781.958	2.516	59.562	37.063		24.657
3782.111	2.498	59.565	37.065		24.481
3782.263	2.509	59.569	37.066		24.588
3782.416	2.477	59.573	37.068		24.276
3782.568	2.501	59.577	37.069		24.509
3782.72	2.503	59.58	37.071		24.529
3782.873	2.496	59.584	37.072		24.461
3783.025	2.529	59.588	37.074		24.783
3783.178	2.491	59.592	37.075		24.413
3783.33	2.455	59.595	37.077		24.06
3783.482	2.481	59.599	37.078		24.313
3783.635	2.519	59.603	37.08		24.685
3783.787	2.5	59.606	37.081		24.501
3783.94	2.56	59.61	37.083		25.086
3784.092	2.558	59.614	37.084		25.068
3784.244	2.518	59.618	37.086		24.678
3784.397	2.506	59.622	37.087		24.559
3784.549	2.469	59.625	37.089		24.198
3784.702	2.494	59.629	37.09		24.44
3784.854	2.514	59.633	37.092		24.636
3785.006	2.478	59.636	37.093		24.286
3785.159	2.511	59.64	37.095		24.607
3785.311	2.523	59.644	37.096		24.725
3785.464	2.506	59.648	37.098		24.559
3785.616	2.624	59.652	37.099		25.711
3785.768	2.634	59.656	37.101		25.813
3785.921	2.656	59.66	37.102		26.028
3786.073	2.635	59.663	37.104		25.824
3786.226	2.431	59.667	37.105		23.822
3786.378	2.433	59.671	37.107		23.843
3786.53	2.468	59.674	37.108		24.185
3786.683	2.51	59.678	37.109		24.596
3786.835	2.517	59.682	37.111		24.666
3786.988	2.498	59.686	37.112		24.481
3787.14	2.53	59.689	37.114		24.793
3787.292	2.529	59.693	37.115		24.784
3787.445	2.516	59.697	37.117		24.657
3787.597	2.509	59.701	37.118		24.588
3787.75	2.521	59.704	37.12		24.705
3787.902	2.54	59.708	37.121		24.891
3788.054	2.534	59.712	37.123		24.833
3788.207	2.554	59.716	37.124		25.028
3788.359	2.519	59.72	37.126		24.688
3788.512	2.496	59.723	37.127		24.462
3788.664	2.483	59.727	37.129		24.334
3788.816	2.465	59.731	37.13		24.158
3788.969	2.452	59.734	37.132		24.03
3789.121	2.461	59.738	37.133		24.117
3789.274	2.496	59.742	37.135		24.459
3789.426	2.472	59.746	37.136		24.227
3789.578	2.517	59.749	37.138		24.665
3789.731	2.499	59.753	37.139		24.491
3789.883	2.498	59.757	37.141		24.48
3790.036	2.51	59.76	37.142		24.598
3790.188	2.55	59.764	37.144		24.99
3790.34	2.583	59.768	37.145		25.311
3790.493	2.66	59.772	37.147		26.068
3790.645	2.66	59.776	37.148		26.068
3790.798	2.66	59.78	37.15		26.068
3790.95	2.621	59.784	37.151		25.682
3791.102	2.579	59.788	37.153		25.276
3791.255	2.477	59.792	37.154		24.279
3791.407	2.469	59.795	37.156		24.197
3791.56	2.473	59.799	37.157		24.235
3791.712	2.538	59.803	37.159		24.87
3791.864	2.613	59.807	37.16		25.604
3792.017	2.595	59.81	37.162		25.432
3792.169	2.518	59.814	37.163		24.679
3792.322	2.554	59.818	37.165		25.028
3792.474	2.519	59.822	37.166		24.688
3792.626	2.506	59.826	37.168		24.557
3792.779	2.484	59.829	37.169		24.344
3792.931	2.483	59.833	37.171		24.333
3793.084	2.478	59.837	37.172		24.285
3793.236	2.475	59.84	37.174		24.255
3793.388	2.487	59.844	37.175		24.372
3793.541	2.506	59.848	37.177		24.558
3793.693	2.499	59.852	37.178		24.49
3793.846	2.488	59.855	37.18		24.383
3793.998	2.504	59.859	37.181		24.539
3794.15	2.63	59.863	37.183		25.769
3794.303	2.66	59.867	37.184		26.068
3794.455	2.66	59.871	37.186		26.068
3794.608	2.55	59.875	37.187		24.985
3794.76	2.508	59.878	37.189		24.58
3794.912	2.558	59.882	37.19		25.066
3795.065	2.538	59.886	37.192		24.873
3795.217	2.523	59.89	37.193		24.726
3795.37	2.476	59.894	37.195		24.267
3795.522	2.473	59.897	37.196		24.236
3795.674	2.491	59.901	37.198		24.411
3795.827	2.494	59.905	37.199		24.441
3795.979	2.455	59.908	37.201		24.06
3796.132	2.495	59.912	37.202		24.449
3796.284	2.427	59.916	37.204		23.787
3796.436	2.47	59.919	37.205		24.204
3796.589	2.381	59.923	37.207		23.337
3796.741	2.408	59.927	37.208		23.597
3796.894	2.404	59.93	37.21		23.559
3797.046	2.471	59.934	37.211		24.213
3797.198	2.515	59.938	37.213		24.645
3797.351	2.427	59.941	37.214		23.788
3797.503	2.442	59.945	37.216		23.931
3797.656	2.4	59.948	37.217		23.522
3797.808	2.382	59.952	37.219		23.344
3797.96	2.438	59.956	37.22		23.89
3798.113	2.413	59.959	37.222		23.648
3798.265	2.352	59.963	37.223		23.052
3798.418	2.362	59.966	37.224		23.147
3798.57	2.451	59.97	37.226		24.016
3798.722	2.637	59.974	37.227		25.845
3798.875	2.543	59.978	37.229		24.925
3799.027	2.645	59.982	37.23		25.917
3799.18	2.66	59.986	37.232		26.068
3799.332	2.624	59.989	37.233		25.718
3799.484	2.539	59.993	37.235		24.885
3799.637	2.488	59.997	37.236		24.384
3799.789	2.506	60.001	37.238		24.558
3799.942	2.512	60.005	37.239		24.617
3800.094	2.485	60.008	37.241		24.354
3800.246	2.463	60.012	37.242		24.138
3800.399	2.463	60.016	37.244		24.137
3800.551	2.475	60.019	37.245		24.255
3800.704	2.474	60.023	37.247		24.245
3800.856	2.437	60.027	37.248		23.884
3801.008	2.53	60.03	37.25		24.79
3801.161	2.605	60.034	37.251		25.526
3801.313	2.62	60.038	37.253		25.675
3801.466	2.516	60.042	37.254		24.661
3801.618	2.442	60.046	37.256		23.934
3801.77	2.407	60.049	37.257		23.59
3801.923	2.409	60.053	37.259		23.608
3802.075	2.41	60.056	37.26		23.618
3802.228	2.405	60.06	37.262		23.569
3802.38	2.405	60.064	37.263		23.569
3802.532	2.395	60.067	37.265		23.471
3802.685	2.435	60.071	37.266		23.861
3802.837	2.43	60.074	37.268		23.814
3802.99	2.424	60.078	37.269		23.755
3803.142	2.476	60.082	37.271		24.263
3803.294	2.463	60.085	37.272		24.138
3803.447	2.499	60.089	37.274		24.489
3803.599	2.465	60.093	37.275		24.158
3803.752	2.488	60.097	37.277		24.381
3803.904	2.483	60.1	37.278		24.334
3804.056	2.5	60.104	37.28		24.499
3804.209	2.496	60.108	37.281		24.461
3804.361	2.632	60.112	37.283		25.798
3804.514	2.553	60.115	37.284		25.022
3804.666	2.525	60.119	37.286		24.746
3804.818	2.617	60.123	37.287		25.643
3804.971	2.479	60.127	37.289		24.29
3805.123	2.481	60.131	37.29		24.314
3805.276	2.469	60.134	37.292		24.197
3805.428	2.445	60.138	37.293		23.962
3805.58	2.442	60.142	37.295		23.932
3805.733	2.599	60.145	37.296		25.474
3805.885	2.424	60.149	37.298		23.752
3806.038	2.511	60.153	37.299		24.604
3806.19	2.523	60.157	37.301		24.725
3806.342	2.458	60.16	37.302		24.091
3806.495	2.591	60.164	37.304		25.396
3806.647	2.66	60.168	37.305		26.068
3806.8	2.543	60.172	37.307		24.917
3806.952	2.65	60.176	37.308		25.966
3807.104	2.586	60.18	37.31		25.345
3807.257	2.595	60.184	37.311		25.431
3807.409	2.649	60.188	37.313		25.958
3807.562	2.66	60.191	37.314		26.068
3807.714	2.66	60.195	37.316		26.068
3807.866	2.625	60.199	37.317		25.727
3808.019	2.528	60.203	37.319		24.778
3808.171	2.473	60.207	37.32		24.238
3808.324	2.456	60.211	37.322		24.069
3808.476	2.472	60.214	37.323		24.225
3808.628	2.518	60.218	37.325		24.675
3808.781	2.549	60.222	37.326		24.979
3808.933	2.66	60.226	37.328		26.068
3809.086	2.66	60.23	37.329		26.068
3809.238	2.66	60.234	37.331		26.068
3809.39	2.66	60.238	37.332		26.068
3809.543	2.66	60.242	37.334		26.068
3809.695	2.41	60.245	37.335		23.613
3809.848	2.551	60.249	37.337		25.004
3810.0	2.422	60.253	37.338		23.731
3810.152	2.405	60.256	37.339		23.57
3810.305	2.406	60.26	37.341		23.579
3810.457	2.388	60.263	37.342		23.403
3810.61	2.409	60.267	37.344		23.607
3810.762	2.452	60.271	37.345		24.028
3810.914	2.42	60.274	37.347		23.717
3811.067	2.642	60.278	37.348		25.893
3811.219	2.624	60.282	37.35		25.716
3811.372	2.453	60.286	37.351		24.036
3811.524	2.415	60.289	37.353		23.668
3811.676	2.427	60.293	37.354		23.784
3811.829	2.365	60.297	37.356		23.179
3811.981	2.385	60.3	37.357		23.372
3812.134	2.468	60.304	37.359		24.183
3812.286	2.442	60.307	37.36		23.933
3812.438	2.46	60.311	37.362		24.107
3812.591	2.481	60.315	37.363		24.313
3812.743	2.418	60.318	37.365		23.699
3812.896	2.406	60.322	37.366		23.579
3813.048	2.431	60.326	37.368		23.823
3813.2	2.405	60.329	37.369		23.57
3813.353	2.423	60.333	37.371		23.745
3813.505	2.496	60.337	37.372		24.458
3813.658	2.592	60.34	37.374		25.398
3813.81	2.585	60.344	37.375		25.333
3813.962	2.66	60.348	37.377		26.068
3814.115	2.508	60.352	37.378		24.576
3814.267	2.569	60.356	37.38		25.174
3814.42	2.66	60.36	37.381		26.068
3814.572	2.563	60.364	37.383		25.113
3814.724	2.66	60.368	37.384		26.068
3814.877	2.66	60.372	37.386		26.065
3815.029	2.635	60.376	37.387		25.821
3815.182	2.66	60.38	37.389		26.068
3815.334	2.66	60.384	37.39		26.068
3815.486	2.66	60.388	37.392		26.068
3815.639	2.66	60.391	37.393		26.068
3815.791	2.66	60.395	37.395		26.068
3815.944	2.66	60.399	37.396		26.068
3816.096	2.66	60.403	37.398		26.068
3816.248	2.66	60.407	37.399		26.068
3816.401	2.66	60.411	37.401		26.068
3816.553	2.539	60.415	37.402		24.886
3816.706	2.489	60.419	37.404		24.394
3816.858	2.66	60.423	37.405		26.068
3817.01	2.66	60.427	37.407		26.068
3817.163	2.603	60.431	37.408		25.514
3817.315	2.66	60.435	37.41		26.068
3817.468	2.56	60.438	37.411		25.085
3817.62	2.576	60.442	37.413		25.244
3817.772	2.637	60.446	37.414		25.838
3817.925	2.557	60.45	37.416		25.056
3818.077	2.45	60.454	37.417		24.014
3818.23	2.53	60.458	37.419		24.791
3818.382	2.593	60.461	37.42		25.409
3818.534	2.537	60.465	37.422		24.865
3818.687	2.561	60.469	37.423		25.097
3818.839	2.66	60.473	37.425		26.068
3818.992	2.607	60.477	37.426		25.552
3819.144	2.516	60.481	37.428		24.66
3819.296	2.622	60.485	37.429		25.692
3819.449	2.507	60.488	37.431		24.573
3819.601	2.504	60.492	37.432		24.539
3819.754	2.522	60.496	37.434		24.715
3819.906	2.501	60.5	37.435		24.511
3820.058	2.519	60.503	37.437		24.685
3820.211	2.651	60.507	37.438		25.984
3820.363	2.581	60.511	37.44		25.297
3820.516	2.624	60.515	37.441		25.714
3820.668	2.66	60.519	37.443		26.068
3820.82	2.66	60.523	37.444		26.068
3820.973	2.643	60.527	37.446		25.903
3821.125	2.627	60.531	37.447		25.745
3821.278	2.605	60.535	37.449		25.53
3821.43	2.349	60.538	37.45		23.02
3821.582	2.334	60.542	37.452		22.874
3821.735	2.342	60.545	37.453		22.951
3821.887	2.488	60.549	37.454		24.387
3822.04	2.487	60.553	37.456		24.373
3822.192	2.495	60.556	37.457		24.451
3822.344	2.51	60.56	37.459		24.597
3822.497	2.524	60.564	37.46		24.735
3822.649	2.449	60.568	37.462		24.003
3822.802	2.403	60.571	37.463		23.551
3822.954	2.353	60.575	37.465		23.061
3823.106	2.389	60.578	37.466		23.411
3823.259	2.436	60.582	37.468		23.871
3823.411	2.423	60.585	37.469		23.746
3823.564	2.382	60.589	37.471		23.345
3823.716	2.377	60.593	37.472		23.295
3823.868	2.378	60.596	37.474		23.304
3824.021	2.435	60.6	37.475		23.861
3824.173	2.457	60.603	37.477		24.078
3824.326	2.424	60.607	37.478		23.756
3824.478	2.41	60.611	37.48		23.619
3824.63	2.414	60.614	37.481		23.657
3824.783	2.399	60.618	37.483		23.511
3824.935	2.43	60.622	37.484		23.813
3825.088	2.391	60.625	37.486		23.433
3825.24	2.376	60.629	37.487		23.285
3825.392	2.371	60.632	37.489		23.236
3825.545	2.371	60.636	37.49		23.236
3825.697	2.37	60.639	37.492		23.226
3825.85	2.32	60.643	37.493		22.738
3826.002	2.315	60.646	37.495		22.687
3826.154	2.316	60.65	37.496		22.697
3826.307	2.323	60.653	37.498		22.765
3826.459	2.305	60.657	37.499		22.59
3826.612	2.292	60.66	37.501		22.462
3826.764	2.292	60.663	37.502		22.462
3826.916	2.333	60.667	37.504		22.862
3827.069	2.342	60.67	37.505		22.951
3827.221	2.34	60.674	37.507		22.932
3827.374	2.28	60.677	37.508		22.346
3827.526	2.271	60.681	37.51		22.256
3827.678	2.23	60.684	37.511		21.856
3827.831	2.22	60.687	37.513		21.756
3827.983	2.226	60.691	37.514		21.815
3828.136	2.229	60.694	37.516		21.844
3828.288	2.218	60.697	37.517		21.737
3828.44	2.211	60.701	37.519		21.668
3828.593	2.183	60.704	37.52		21.394
3828.745	2.191	60.707	37.522		21.472
3828.898	2.288	60.711	37.523		22.419
3829.05	2.3	60.714	37.525		22.54
3829.202	2.272	60.717	37.526		22.267
3829.355	2.326	60.721	37.528		22.793
3829.507	2.279	60.724	37.529		22.336
3829.66	2.336	60.728	37.531		22.891
3829.812	2.369	60.731	37.532		23.215
3829.964	2.393	60.735	37.534		23.45
3830.117	2.513	60.739	37.535		24.623
3830.269	2.512	60.742	37.537		24.618
3830.422	2.431	60.746	37.538		23.827
3830.574	2.42	60.75	37.54		23.716
3830.726	2.407	60.753	37.541		23.589
3830.879	2.21	60.756	37.543		21.656
3831.031	2.276	60.76	37.544		22.302
3831.184	2.23	60.763	37.546		21.856
3831.336	2.221	60.767	37.547		21.766
3831.488	2.226	60.77	37.549		21.815
3831.641	2.212	60.773	37.55		21.678
3831.793	2.241	60.776	37.552		21.961
3831.946	2.233	60.78	37.553		21.884
3832.098	2.221	60.783	37.555		21.766
3832.25	2.207	60.786	37.556		21.629
3832.403	2.191	60.79	37.558		21.472
3832.555	2.157	60.793	37.559		21.14
3832.708	2.175	60.796	37.561		21.314
3832.86	2.157	60.799	37.562		21.139
3833.012	2.164	60.803	37.564		21.207
3833.165	2.161	60.806	37.565		21.178
3833.317	2.194	60.809	37.567		21.5
3833.47	2.182	60.812	37.568		21.384
3833.622	2.164	60.816	37.569		21.208
3833.774	2.196	60.819	37.571		21.52
3833.927	2.193	60.822	37.572		21.492
3834.079	2.186	60.825	37.574		21.423
3834.232	2.178	60.829	37.575		21.345
3834.384	2.161	60.832	37.577		21.178
3834.536	2.16	60.835	37.578		21.168
3834.689	2.167	60.838	37.58		21.236
3834.841	2.176	60.842	37.581		21.324
3834.994	2.184	60.845	37.583		21.403
3835.146	2.176	60.848	37.584		21.325
3835.298	2.18	60.851	37.586		21.364
3835.451	2.21	60.855	37.587		21.657
3835.603	2.257	60.858	37.589		22.117
3835.756	2.319	60.862	37.59		22.724
3835.908	2.407	60.865	37.592		23.585
3836.06	2.568	60.869	37.593		25.17
3836.213	2.609	60.873	37.595		25.567
3836.365	2.561	60.877	37.596		25.1
3836.518	2.433	60.88	37.598		23.839
3836.67	2.351	60.884	37.599		23.043
3836.822	2.365	60.887	37.601		23.176
3836.975	2.351	60.891	37.602		23.04
3837.127	2.295	60.894	37.604		22.493
3837.28	2.326	60.898	37.605		22.794
3837.432	2.341	60.901	37.607		22.941
3837.584	2.318	60.905	37.608		22.717
3837.737	2.367	60.908	37.61		23.195
3837.889	2.321	60.912	37.611		22.748
3838.042	2.362	60.915	37.613		23.146
3838.194	2.342	60.919	37.614		22.952
3838.346	2.335	60.922	37.616		22.883
3838.499	2.412	60.926	37.617		23.635
3838.651	2.409	60.929	37.619		23.608
3838.804	2.482	60.933	37.62		24.321
3838.956	2.491	60.937	37.622		24.411
3839.108	2.48	60.941	37.623		24.304
3839.261	2.478	60.944	37.625		24.284
3839.413	2.402	60.948	37.626		23.543
3839.566	2.391	60.951	37.628		23.432
3839.718	2.341	60.955	37.629		22.944
3839.87	2.305	60.958	37.631		22.59
3840.023	2.289	60.962	37.632		22.433
3840.175	2.315	60.965	37.634		22.686
3840.328	2.339	60.969	37.635		22.921
3840.48	2.328	60.972	37.637		22.815
3840.632	2.365	60.976	37.638		23.176
3840.785	2.35	60.979	37.64		23.031
3840.937	2.37	60.983	37.641		23.225
3841.09	2.361	60.986	37.643		23.138
3841.242	2.34	60.99	37.644		22.933
3841.394	2.22	60.993	37.646		21.761
3841.547	2.201	60.996	37.647		21.571
3841.699	2.22	61.0	37.649		21.755
3841.852	2.283	61.003	37.65		22.371
3842.004	2.282	61.007	37.652		22.364
3842.156	2.31	61.01	37.653		22.637
3842.309	2.283	61.013	37.655		22.374
3842.461	2.244	61.017	37.656		21.993
3842.614	2.235	61.02	37.658		21.903
3842.766	2.333	61.024	37.659		22.86
3842.918	2.372	61.027	37.661		23.244
3843.071	2.349	61.031	37.662		23.021
3843.223	2.335	61.034	37.664		22.884
3843.376	2.363	61.038	37.665		23.16
3843.528	2.461	61.041	37.667		24.114
3843.68	2.351	61.045	37.668		23.044
3843.833	2.273	61.048	37.67		22.278
3843.985	2.249	61.052	37.671		22.041
3844.138	2.234	61.055	37.673		21.894
3844.29	2.186	61.058	37.674		21.425
3844.442	2.201	61.062	37.676		21.569
3844.595	2.194	61.065	37.677		21.501
3844.747	2.173	61.068	37.679		21.296
3844.9	2.193	61.071	37.68		21.491
3845.052	2.198	61.075	37.682		21.54
3845.204	2.191	61.078	37.683		21.472
3845.357	2.2	61.081	37.684		21.56
3845.509	2.212	61.084	37.686		21.677
3845.662	2.228	61.088	37.687		21.834
3845.814	2.19	61.091	37.689		21.463
3845.966	2.197	61.094	37.69		21.53
3846.119	2.178	61.098	37.692		21.345
3846.271	2.177	61.101	37.693		21.335
3846.424	2.208	61.104	37.695		21.637
3846.576	2.189	61.107	37.696		21.453
3846.728	2.185	61.111	37.698		21.413
3846.881	2.198	61.114	37.699		21.54
3847.033	2.195	61.117	37.701		21.511
3847.186	2.199	61.121	37.702		21.55
3847.338	2.323	61.124	37.704		22.765
3847.49	2.476	61.128	37.705		24.269
3847.643	2.525	61.131	37.707		24.743
3847.795	2.516	61.135	37.708		24.657
3847.948	2.634	61.139	37.71		25.809
3848.1	2.65	61.143	37.711		25.969
3848.252	2.639	61.147	37.713		25.863
3848.405	2.61	61.151	37.714		25.579
3848.557	2.454	61.155	37.716		24.045
3848.71	2.311	61.158	37.717		22.644
3848.862	2.244	61.161	37.719		21.994
3849.014	2.22	61.165	37.72		21.757
3849.167	2.208	61.168	37.722		21.639
3849.319	2.194	61.171	37.723		21.502
3849.472	2.184	61.175	37.725		21.404
3849.624	2.209	61.178	37.726		21.647
3849.776	2.279	61.181	37.728		22.335
3849.929	2.323	61.185	37.729		22.764
3850.081	2.589	61.189	37.731		25.372
3850.234	2.645	61.193	37.732		25.919
3850.386	2.516	61.196	37.734		24.652
3850.538	2.32	61.2	37.735		22.738
3850.691	2.26	61.203	37.737		22.15
3850.843	2.23	61.206	37.738		21.855
3850.996	2.213	61.21	37.74		21.688
3851.148	2.207	61.213	37.741		21.629
3851.3	2.25	61.216	37.743		22.048
3851.453	2.244	61.22	37.744		21.991
3851.605	2.238	61.223	37.746		21.933
3851.758	2.219	61.226	37.747		21.747
3851.91	2.227	61.23	37.749		21.824
3852.062	2.243	61.233	37.75		21.981
3852.215	2.304	61.237	37.752		22.577
3852.367	2.287	61.24	37.753		22.413
3852.52	2.281	61.243	37.755		22.354
3852.672	2.256	61.247	37.756		22.11
3852.824	2.249	61.25	37.758		22.04
3852.977	2.255	61.253	37.759		22.099
3853.129	2.277	61.257	37.761		22.314
3853.282	2.298	61.26	37.762		22.52
3853.434	2.336	61.264	37.764		22.891
3853.586	2.335	61.267	37.765		22.883
3853.739	2.404	61.271	37.767		23.557
3853.891	2.512	61.275	37.768		24.616
3854.044	2.568	61.278	37.77		25.164
3854.196	2.697	61.282	37.771		26.435
3854.348	2.695	61.287	37.773		26.411
3854.501	2.707	61.291	37.774		26.528
3854.653	2.71	61.295	37.776		26.558
3854.806	2.71	61.299	37.777		26.558
3854.958	2.569	61.302	37.779		25.172
3855.11	2.359	61.306	37.78		23.117
3855.263	2.311	61.309	37.782		22.65
3855.415	2.402	61.313	37.783		23.536
3855.568	2.572	61.317	37.785		25.209
3855.72	2.634	61.321	37.786		25.811
3855.872	2.71	61.325	37.788		26.558
3856.025	2.71	61.329	37.789		26.558
3856.177	2.583	61.333	37.791		25.311
3856.33	2.552	61.337	37.792		25.011
3856.482	2.382	61.34	37.794		23.34
3856.634	2.326	61.344	37.795		22.797
3856.787	2.314	61.347	37.797		22.678
3856.939	2.272	61.35	37.798		22.267
3857.092	2.259	61.354	37.799		22.139
3857.244	2.27	61.357	37.801		22.246
3857.396	2.281	61.361	37.802		22.353
3857.549	2.26	61.364	37.804		22.149
3857.701	2.292	61.367	37.805		22.46
3857.854	2.283	61.371	37.807		22.374
3858.006	2.311	61.374	37.808		22.647
3858.158	2.307	61.378	37.81		22.609
3858.311	2.315	61.381	37.811		22.687
3858.463	2.324	61.385	37.813		22.775
3858.616	2.328	61.388	37.814		22.814
3858.768	2.316	61.392	37.816		22.697
3858.92	2.339	61.395	37.817		22.921
3859.073	2.343	61.399	37.819		22.961
3859.225	2.354	61.402	37.82		23.069
3859.378	2.347	61.406	37.822		23.001
3859.53	2.322	61.409	37.823		22.757
3859.682	2.311	61.413	37.825		22.648
3859.835	2.259	61.416	37.826		22.143
3859.987	2.228	61.419	37.828		21.836
3860.14	2.203	61.423	37.829		21.59
3860.292	2.216	61.426	37.831		21.716
3860.444	2.239	61.429	37.832		21.941
3860.597	2.216	61.433	37.834		21.718
3860.749	2.223	61.436	37.835		21.785
3860.902	2.211	61.439	37.837		21.668
3861.054	2.228	61.442	37.838		21.834
3861.206	2.234	61.446	37.84		21.893
3861.359	2.206	61.449	37.841		21.62
3861.511	2.22	61.452	37.843		21.755
3861.664	2.218	61.456	37.844		21.736
3861.816	2.198	61.459	37.846		21.541
3861.968	2.165	61.462	37.847		21.218
3862.121	2.183	61.465	37.849		21.393
3862.273	2.158	61.469	37.85		21.149
3862.426	2.168	61.472	37.852		21.246
3862.578	2.181	61.475	37.853		21.373
3862.73	2.16	61.478	37.855		21.169
3862.883	2.175	61.482	37.856		21.314
3863.035	2.156	61.485	37.858		21.13
3863.188	2.176	61.488	37.859		21.324
3863.34	2.166	61.491	37.861		21.227
3863.492	2.177	61.495	37.862		21.334
3863.645	2.173	61.498	37.864		21.296
3863.797	2.175	61.501	37.865		21.315
3863.95	2.18	61.504	37.867		21.364
3864.102	2.179	61.508	37.868		21.354
3864.254	2.202	61.511	37.87		21.579
3864.407	2.183	61.514	37.871		21.394
3864.559	2.182	61.517	37.873		21.384
3864.712	2.173	61.521	37.874		21.296
3864.864	2.184	61.524	37.876		21.403
3865.016	2.175	61.527	37.877		21.315
3865.169	2.176	61.53	37.879		21.325
3865.321	2.167	61.534	37.88		21.237
3865.474	2.175	61.537	37.882		21.315
3865.626	2.173	61.54	37.883		21.296
3865.778	2.181	61.543	37.885		21.373
3865.931	2.172	61.547	37.886		21.286
3866.083	2.173	61.55	37.888		21.295
3866.236	2.156	61.553	37.889		21.129
3866.388	2.147	61.556	37.891		21.041
3866.54	2.159	61.56	37.892		21.158
3866.693	2.163	61.563	37.894		21.197
3866.845	2.194	61.566	37.895		21.5
3866.998	2.19	61.569	37.897		21.462
3867.15	2.174	61.573	37.898		21.306
3867.302	2.213	61.576	37.9		21.686
3867.455	2.185	61.579	37.901		21.414
3867.607	2.214	61.582	37.903		21.696
3867.76	2.219	61.586	37.904		21.746
3867.912	2.225	61.589	37.906		21.805
3868.064	2.234	61.592	37.907		21.893
3868.217	2.213	61.596	37.909		21.688
3868.369	2.201	61.599	37.91		21.57
3868.522	2.194	61.602	37.912		21.501
3868.674	2.205	61.606	37.913		21.609
3868.826	2.189	61.609	37.914		21.453
3868.979	2.172	61.612	37.916		21.286
3869.131	2.189	61.615	37.917		21.452
3869.284	2.182	61.619	37.919		21.384
3869.436	2.199	61.622	37.92		21.55
3869.588	2.172	61.625	37.922		21.287
3869.741	2.181	61.628	37.923		21.373
3869.893	2.188	61.632	37.925		21.442
3870.046	2.176	61.635	37.926		21.325
3870.198	2.167	61.638	37.928		21.237
3870.35	2.158	61.641	37.929		21.149
3870.503	2.157	61.645	37.931		21.139
3870.655	2.17	61.648	37.932		21.266
3870.808	2.185	61.651	37.934		21.412
3870.96	2.135	61.654	37.935		20.925
3871.112	2.152	61.658	37.937		21.089
3871.265	2.185	61.661	37.938		21.412
3871.417	2.174	61.664	37.94		21.306
3871.57	2.147	61.667	37.941		21.042
3871.722	2.131	61.67	37.943		20.884
3871.874	2.154	61.674	37.944		21.108
3872.027	2.159	61.677	37.946		21.158
3872.179	2.153	61.68	37.947		21.1
3872.332	2.169	61.683	37.949		21.256
3872.484	2.181	61.687	37.95		21.373
3872.636	2.176	61.69	37.952		21.325
3872.789	2.235	61.693	37.953		21.901
3872.941	2.208	61.696	37.955		21.639
3873.094	2.224	61.7	37.956		21.795
3873.246	2.212	61.703	37.958		21.678
3873.398	2.211	61.706	37.959		21.668
3873.551	2.223	61.71	37.961		21.785
3873.703	2.201	61.713	37.962		21.571
3873.856	2.212	61.716	37.964		21.677
3874.008	2.247	61.72	37.965		22.019
3874.16	2.241	61.723	37.967		21.962
3874.313	2.242	61.726	37.968		21.972
3874.465	2.27	61.73	37.97		22.245
3874.618	2.237	61.733	37.971		21.924
3874.77	2.224	61.736	37.973		21.796
3874.922	2.26	61.74	37.974		22.147
3875.075	2.313	61.743	37.976		22.665
3875.227	2.33	61.747	37.977		22.833
3875.38	2.348	61.75	37.979		23.01
3875.532	2.352	61.754	37.98		23.049
3875.684	2.356	61.757	37.982		23.085
3875.837	2.412	61.761	37.983		23.634
3875.989	2.46	61.765	37.985		24.107
3876.142	2.532	61.768	37.986		24.814
3876.294	2.623	61.772	37.988		25.702
3876.446	2.625	61.776	37.989		25.725
3876.599	2.64	61.78	37.991		25.871
3876.751	2.632	61.784	37.992		25.795
3876.904	2.641	61.788	37.994		25.881
3877.056	2.616	61.792	37.995		25.638
3877.208	2.414	61.796	37.997		23.655
3877.361	2.254	61.799	37.998		22.086
3877.513	2.285	61.802	38.0		22.392
3877.666	2.395	61.806	38.001		23.467
3877.818	2.414	61.809	38.003		23.656
3877.97	2.429	61.813	38.004		23.804
3878.123	2.496	61.817	38.006		24.458
3878.275	2.524	61.821	38.007		24.734
3878.428	2.481	61.824	38.009		24.315
3878.58	2.333	61.828	38.01		22.859
3878.732	2.355	61.831	38.012		23.078
3878.885	2.426	61.835	38.013		23.772
3879.037	2.397	61.839	38.015		23.492
3879.19	2.427	61.842	38.016		23.783
3879.342	2.476	61.846	38.018		24.263
3879.494	2.48	61.85	38.019		24.304
3879.647	2.625	61.853	38.021		25.729
3879.799	2.576	61.857	38.022		25.247
3879.952	2.435	61.861	38.024		23.859
3880.104	2.436	61.865	38.025		23.873
3880.256	2.319	61.868	38.027		22.731
3880.409	2.295	61.871	38.028		22.492
3880.561	2.275	61.875	38.029		22.296
3880.714	2.257	61.878	38.031		22.119
3880.866	2.254	61.882	38.032		22.089
3881.018	2.243	61.885	38.034		21.982
3881.171	2.237	61.888	38.035		21.923
3881.323	2.242	61.892	38.037		21.971
3881.476	2.245	61.895	38.038		22.001
3881.628	2.235	61.898	38.04		21.903
3881.78	2.269	61.902	38.041		22.235
3881.933	2.267	61.905	38.043		22.217
3882.085	2.25	61.908	38.044		22.051
3882.238	2.274	61.912	38.046		22.284
3882.39	2.254	61.915	38.047		22.09
3882.542	2.276	61.919	38.049		22.304
3882.695	2.278	61.922	38.05		22.324
3882.847	2.267	61.925	38.052		22.217
3883.0	2.269	61.929	38.053		22.236
3883.152	2.256	61.932	38.055		22.109
3883.304	2.246	61.936	38.056		22.011
3883.457	2.243	61.939	38.058		21.982
3883.609	2.264	61.942	38.059		22.186
3883.762	2.283	61.946	38.061		22.373
3883.914	2.267	61.949	38.062		22.217
3884.066	2.277	61.952	38.064		22.314
3884.219	2.309	61.956	38.065		22.627
3884.371	2.391	61.959	38.067		23.429
3884.524	2.38	61.963	38.068		23.324
3884.676	2.414	61.967	38.07		23.656
3884.828	2.388	61.97	38.071		23.403
3884.981	2.359	61.974	38.073		23.119
3885.133	2.312	61.977	38.074		22.659
3885.286	2.336	61.981	38.076		22.892
3885.438	2.333	61.984	38.077		22.864
3885.59	2.322	61.988	38.079		22.756
3885.743	2.313	61.991	38.08		22.668
3885.895	2.32	61.995	38.082		22.736
3886.048	2.291	61.998	38.083		22.456
3886.2	2.287	62.001	38.085		22.413
3886.352	2.245	62.005	38.086		22.003
3886.505	2.243	62.008	38.088		21.981
3886.657	2.249	62.011	38.089		22.04
3886.81	2.258	62.015	38.091		22.128
3886.962	2.25	62.018	38.092		22.05
3887.114	2.273	62.022	38.094		22.275
3887.267	2.279	62.025	38.095		22.334
3887.419	2.285	62.028	38.097		22.393
3887.572	2.298	62.032	38.098		22.52
3887.724	2.255	62.035	38.1		22.101
3887.876	2.245	62.039	38.101		22.003
3888.029	2.264	62.042	38.103		22.186
3888.181	2.253	62.045	38.104		22.08
3888.334	2.26	62.049	38.106		22.148
3888.486	2.253	62.052	38.107		22.08
3888.638	2.233	62.055	38.109		21.884
3888.791	2.256	62.059	38.11		22.108
3888.943	2.229	62.062	38.112		21.845
3889.096	2.242	62.065	38.113		21.971
3889.248	2.245	62.069	38.115		22.001
3889.4	2.252	62.072	38.116		22.069
3889.553	2.24	62.075	38.118		21.952
3889.705	2.26	62.079	38.119		22.147
3889.858	2.244	62.082	38.121		21.992
3890.01	2.28	62.086	38.122		22.343
3890.162	2.268	62.089	38.124		22.227
3890.315	2.27	62.092	38.125		22.246
3890.467	2.245	62.096	38.127		22.002
3890.62	2.255	62.099	38.128		22.099
3890.772	2.24	62.102	38.13		21.953
3890.924	2.231	62.106	38.131		21.864
3891.077	2.234	62.109	38.133		21.893
3891.229	2.211	62.112	38.134		21.669
3891.382	2.224	62.116	38.136		21.795
3891.534	2.346	62.119	38.137		22.986
3891.686	2.39	62.123	38.139		23.42
3891.839	2.377	62.126	38.14		23.295
3891.991	2.374	62.13	38.142		23.265
3892.144	2.318	62.133	38.143		22.719
3892.296	2.284	62.137	38.145		22.385
3892.448	2.298	62.14	38.146		22.52
3892.601	2.322	62.144	38.147		22.755
3892.753	2.267	62.147	38.149		22.219
3892.906	2.26	62.15	38.15		22.148
3893.058	2.239	62.154	38.152		21.943
3893.21	2.244	62.157	38.153		21.991
3893.363	2.342	62.161	38.155		22.948
3893.515	2.351	62.164	38.156		23.039
3893.668	2.374	62.168	38.158		23.264
3893.82	2.386	62.171	38.159		23.382
3893.972	2.402	62.175	38.161		23.539
3894.125	2.367	62.178	38.162		23.198
3894.277	2.391	62.182	38.164		23.431
3894.43	2.398	62.186	38.165		23.5
3894.582	2.382	62.189	38.167		23.344
3894.734	2.369	62.193	38.168		23.217
3894.887	2.355	62.196	38.17		23.08
3895.039	2.304	62.2	38.171		22.575
3895.192	2.262	62.203	38.173		22.169
3895.344	2.259	62.206	38.174		22.138
3895.496	2.238	62.21	38.176		21.933
3895.649	2.243	62.213	38.177		21.981
3895.801	2.234	62.216	38.179		21.894
3895.954	2.22	62.22	38.18		21.757
3896.106	2.238	62.223	38.182		21.932
3896.258	2.227	62.226	38.183		21.825
3896.411	2.224	62.23	38.185		21.795
3896.563	2.287	62.233	38.186		22.41
3896.716	2.27	62.236	38.188		22.247
3896.868	2.271	62.24	38.189		22.256
3897.02	2.281	62.243	38.191		22.353
3897.173	2.28	62.247	38.192		22.344
3897.325	2.285	62.25	38.194		22.393
3897.478	2.285	62.254	38.195		22.393
3897.63	2.263	62.257	38.197		22.178
3897.782	2.287	62.26	38.198		22.412
3897.935	2.291	62.264	38.2		22.452
3898.087	2.309	62.267	38.201		22.628
3898.24	2.303	62.271	38.203		22.57
3898.392	2.406	62.274	38.204		23.575
3898.544	2.415	62.278	38.206		23.667
3898.697	2.362	62.281	38.207		23.15
3898.849	2.378	62.285	38.209		23.304
3899.002	2.184	62.288	38.21		21.402
3899.154	2.198	62.291	38.212		21.54
3899.306	2.259	62.295	38.213		22.136
3899.459	2.202	62.298	38.215		21.582
3899.611	2.201	62.301	38.216		21.57
3899.764	2.213	62.305	38.218		21.687
3899.916	2.232	62.308	38.219		21.873
3900.068	2.221	62.311	38.221		21.766
3900.221	2.238	62.315	38.222		21.932
3900.373	2.24	62.318	38.224		21.952
3900.526	2.223	62.321	38.225		21.786
3900.678	2.224	62.325	38.227		21.795
3900.83	2.248	62.328	38.228		22.029
3900.983	2.31	62.331	38.23		22.636
3901.135	2.278	62.335	38.231		22.326
3901.288	2.252	62.338	38.233		22.071
3901.44	2.259	62.342	38.234		22.138
3901.592	2.278	62.345	38.236		22.324
3901.745	2.261	62.348	38.237		22.158
3901.897	2.279	62.352	38.239		22.334
3902.05	2.303	62.355	38.24		22.568
3902.202	2.268	62.359	38.242		22.228
3902.354	2.291	62.362	38.243		22.451
3902.507	2.26	62.365	38.245		22.149
3902.659	2.274	62.369	38.246		22.285
3902.812	2.284	62.372	38.248		22.383
3902.964	2.291	62.376	38.249		22.452
3903.116	2.288	62.379	38.251		22.423
3903.269	2.304	62.383	38.252		22.579
3903.421	2.314	62.386	38.254		22.677
3903.574	2.301	62.389	38.255		22.55
3903.726	2.3	62.393	38.257		22.54
3903.878	2.271	62.396	38.258		22.257
3904.031	2.255	62.4	38.26		22.1
3904.183	2.289	62.403	38.261		22.431
3904.336	2.295	62.406	38.262		22.491
3904.488	2.257	62.41	38.264		22.12
3904.64	2.297	62.413	38.265		22.509
3904.793	2.311	62.417	38.267		22.647
3904.945	2.333	62.42	38.268		22.863
3905.098	2.3	62.424	38.27		22.535
3905.25	2.283	62.427	38.271		22.377
3905.402	2.281	62.43	38.273		22.354
3905.555	2.289	62.434	38.274		22.432
3905.707	2.272	62.437	38.276		22.266
3905.86	2.28	62.441	38.277		22.344
3906.012	2.286	62.444	38.279		22.403
3906.164	2.267	62.447	38.28		22.217
3906.317	2.253	62.451	38.282		22.08
3906.469	2.3	62.454	38.283		22.538
3906.622	2.365	62.458	38.285		23.174
3906.774	2.332	62.461	38.286		22.855
3906.926	2.327	62.465	38.288		22.805
3907.079	2.316	62.468	38.289		22.697
3907.231	2.299	62.472	38.291		22.531
3907.384	2.269	62.475	38.292		22.237
3907.536	2.246	62.478	38.294		22.012
3907.688	2.222	62.482	38.295		21.777
3907.841	2.262	62.485	38.297		22.166
3907.993	2.367	62.489	38.298		23.193
3908.146	2.312	62.492	38.3		22.66
3908.298	2.375	62.496	38.301		23.273
3908.45	2.403	62.499	38.303		23.548
3908.603	2.429	62.503	38.304		23.803
3908.755	2.45	62.506	38.306		24.009
3908.908	2.232	62.51	38.307		21.872
3909.06	2.214	62.513	38.309		21.698
3909.212	2.2	62.516	38.31		21.561
3909.365	2.208	62.52	38.312		21.638
3909.517	2.231	62.523	38.313		21.863
3909.67	2.235	62.526	38.315		21.903
3909.822	2.21	62.53	38.316		21.659
3909.974	2.243	62.533	38.318		21.98
3910.127	2.223	62.536	38.319		21.787
3910.279	2.232	62.54	38.321		21.873
3910.432	2.245	62.543	38.322		22.0
3910.584	2.232	62.546	38.324		21.874
3910.736	2.216	62.55	38.325		21.717
3910.889	2.21	62.553	38.327		21.658
3911.041	2.227	62.556	38.328		21.824
3911.194	2.228	62.56	38.33		21.834
3911.346	2.234	62.563	38.331		21.893
3911.498	2.214	62.566	38.333		21.698
3911.651	2.224	62.57	38.334		21.795
3911.803	2.211	62.573	38.336		21.668
3911.956	2.239	62.576	38.337		21.941
3912.108	2.239	62.58	38.339		21.942
3912.26	2.238	62.583	38.34		21.932
3912.413	2.217	62.586	38.342		21.727
3912.565	2.199	62.59	38.343		21.551
3912.718	2.215	62.593	38.345		21.706
3912.87	2.204	62.596	38.346		21.6
3913.022	2.213	62.599	38.348		21.687
3913.175	2.248	62.603	38.349		22.029
3913.327	2.26	62.606	38.351		22.148
3913.48	2.305	62.61	38.352		22.587
3913.632	2.305	62.613	38.354		22.589
3913.784	2.306	62.616	38.355		22.599
3913.937	2.292	62.62	38.357		22.462
3914.089	2.269	62.623	38.358		22.237
3914.242	2.294	62.627	38.36		22.48
3914.394	2.307	62.63	38.361		22.608
3914.546	2.327	62.634	38.363		22.804
3914.699	2.314	62.637	38.364		22.678
3914.851	2.301	62.641	38.366		22.55
3915.004	2.332	62.644	38.367		22.852
3915.156	2.318	62.647	38.369		22.717
3915.308	2.307	62.651	38.37		22.609
3915.461	2.278	62.654	38.372		22.326
3915.613	2.275	62.658	38.373		22.295
3915.766	2.282	62.661	38.375		22.363
3915.918	2.245	62.664	38.376		22.002
3916.07	2.26	62.668	38.377		22.147
3916.223	2.246	62.671	38.379		22.011
3916.375	2.244	62.675	38.38		21.991
3916.528	2.233	62.678	38.382		21.884
3916.68	2.232	62.681	38.383		21.874
3916.832	2.228	62.685	38.385		21.835
3916.985	2.228	62.688	38.386		21.834
3917.137	2.25	62.691	38.388		22.049
3917.29	2.251	62.695	38.389		22.06
3917.442	2.242	62.698	38.391		21.972
3917.594	2.241	62.701	38.392		21.962
3917.747	2.225	62.705	38.394		21.806
3917.899	2.263	62.708	38.395		22.178
3918.052	2.296	62.711	38.397		22.5
3918.204	2.328	62.715	38.398		22.813
3918.356	2.324	62.718	38.4		22.775
3918.509	2.317	62.722	38.401		22.707
3918.661	2.373	62.725	38.403		23.253
3918.814	2.364	62.729	38.404		23.168
3918.966	2.38	62.732	38.406		23.323
3919.118	2.367	62.736	38.407		23.197
3919.271	2.42	62.74	38.409		23.714
3919.423	2.485	62.743	38.41		24.35
3919.576	2.368	62.747	38.412		23.211
3919.728	2.224	62.75	38.413		21.791
3919.88	2.418	62.754	38.415		23.699
3920.033	2.3	62.757	38.416		22.545
3920.185	2.554	62.761	38.418		25.029
3920.338	2.531	62.765	38.419		24.805
3920.49	2.578	62.769	38.421		25.263
3920.642	2.565	62.773	38.422		25.138
3920.795	2.571	62.776	38.424		25.196
3920.947	2.566	62.78	38.425		25.147
3921.1	2.546	62.784	38.427		24.952
3921.252	2.559	62.788	38.428		25.078
3921.404	2.588	62.792	38.43		25.361
3921.557	2.59	62.796	38.431		25.382
3921.709	2.594	62.799	38.433		25.421
3921.862	2.603	62.803	38.434		25.509
3922.014	2.585	62.807	38.436		25.334
3922.166	2.578	62.811	38.437		25.265
3922.319	2.596	62.815	38.439		25.44
3922.471	2.556	62.819	38.44		25.05
3922.624	2.532	62.823	38.442		24.815
3922.776	2.552	62.826	38.443		25.009
3922.928	2.562	62.83	38.445		25.107
3923.081	2.547	62.834	38.446		24.961
3923.233	2.568	62.838	38.448		25.166
3923.386	2.585	62.842	38.449		25.332
3923.538	2.579	62.845	38.451		25.274
3923.69	2.563	62.849	38.452		25.118
3923.843	2.531	62.853	38.454		24.805
3923.995	2.523	62.857	38.455		24.726
3924.148	2.54	62.861	38.457		24.891
3924.3	2.526	62.864	38.458		24.755
3924.452	2.559	62.868	38.46		25.077
3924.605	2.546	62.872	38.461		24.951
3924.757	2.471	62.876	38.463		24.219
3924.91	2.435	62.879	38.464		23.864
3925.062	2.442	62.883	38.466		23.931
3925.214	2.463	62.887	38.467		24.137
3925.367	2.486	62.89	38.469		24.362
3925.519	2.544	62.894	38.47		24.929
3925.672	2.575	62.898	38.472		25.234
3925.824	2.569	62.902	38.473		25.176
3925.976	2.575	62.906	38.475		25.235
3926.129	2.552	62.91	38.476		25.01
3926.281	2.561	62.913	38.478		25.097
3926.434	2.499	62.917	38.479		24.493
3926.586	2.542	62.921	38.481		24.91
3926.738	2.519	62.925	38.482		24.687
3926.891	2.514	62.928	38.484		24.637
3927.043	2.492	62.932	38.485		24.422
3927.196	2.404	62.936	38.487		23.563
3927.348	2.376	62.939	38.488		23.286
3927.5	2.363	62.943	38.49		23.158
3927.653	2.362	62.946	38.491		23.148
3927.805	2.404	62.95	38.492		23.558
3927.958	2.488	62.954	38.494		24.379
3928.11	2.441	62.957	38.495		23.924
3928.262	2.567	62.961	38.497		25.152
3928.415	2.621	62.965	38.498		25.684
3928.567	2.506	62.969	38.5		24.563
3928.72	2.395	62.972	38.501		23.475
3928.872	2.509	62.976	38.503		24.584
3929.024	2.513	62.98	38.504		24.627
3929.177	2.407	62.983	38.506		23.593
3929.329	2.407	62.987	38.507		23.589
3929.482	2.449	62.991	38.509		23.999
3929.634	2.48	62.994	38.51		24.303
3929.786	2.536	62.998	38.512		24.851
3929.939	2.4	63.002	38.513		23.515
3930.091	2.414	63.005	38.515		23.657
3930.244	2.439	63.009	38.516		23.901
3930.396	2.426	63.013	38.518		23.775
3930.548	2.42	63.016	38.519		23.716
3930.701	2.412	63.02	38.521		23.638
3930.853	2.482	63.024	38.522		24.321
3931.006	2.477	63.027	38.524		24.275
3931.158	2.555	63.031	38.525		25.036
3931.31	2.587	63.035	38.527		25.351
3931.463	2.565	63.039	38.528		25.138
3931.615	2.455	63.042	38.53		24.063
3931.768	2.512	63.046	38.531		24.615
3931.92	2.436	63.05	38.533		23.876
3932.072	2.408	63.053	38.534		23.599
3932.225	2.398	63.057	38.536		23.501
3932.377	2.42	63.061	38.537		23.715
3932.53	2.403	63.064	38.539		23.55
3932.682	2.434	63.068	38.54		23.852
3932.834	2.48	63.072	38.542		24.302
3932.987	2.522	63.075	38.543		24.714
3933.139	2.488	63.079	38.545		24.384
3933.292	2.56	63.083	38.546		25.085
3933.444	2.65	63.087	38.548		25.97
3933.596	2.553	63.091	38.549		25.015
3933.749	2.581	63.095	38.551		25.298
3933.901	2.585	63.098	38.552		25.337
3934.054	2.583	63.102	38.554		25.314
3934.206	2.578	63.106	38.555		25.265
3934.358	2.548	63.11	38.557		24.972
3934.511	2.542	63.114	38.558		24.912
3934.663	2.529	63.117	38.56		24.785
3934.816	2.448	63.121	38.561		23.994
3934.968	2.444	63.125	38.563		23.951
3935.12	2.516	63.129	38.564		24.654
3935.273	2.56	63.132	38.566		25.086
3935.425	2.558	63.136	38.567		25.068
3935.578	2.473	63.14	38.569		24.239
3935.73	2.46	63.144	38.57		24.109
3935.882	2.445	63.147	38.572		23.962
3936.035	2.45	63.151	38.573		24.01
3936.187	2.447	63.154	38.575		23.981
3936.34	2.35	63.158	38.576		23.034
3936.492	2.343	63.162	38.578		22.962
3936.644	2.43	63.165	38.579		23.811
3936.797	2.441	63.169	38.581		23.921
3936.949	2.448	63.172	38.582		23.99
3937.102	2.408	63.176	38.584		23.6
3937.254	2.371	63.18	38.585		23.237
3937.406	2.416	63.183	38.587		23.675
3937.559	2.411	63.187	38.588		23.628
3937.711	2.386	63.19	38.59		23.384
3937.864	2.396	63.194	38.591		23.48
3938.016	2.367	63.197	38.593		23.198
3938.168	2.366	63.201	38.594		23.187
3938.321	2.345	63.204	38.596		22.982
3938.473	2.362	63.208	38.597		23.147
3938.626	2.361	63.212	38.599		23.137
3938.778	2.351	63.215	38.6		23.04
3938.93	2.35	63.219	38.602		23.03
3939.083	2.366	63.222	38.603		23.186
3939.235	2.342	63.226	38.605		22.953
3939.388	2.336	63.229	38.606		22.893
3939.54	2.372	63.233	38.607		23.244
3939.692	2.413	63.236	38.609		23.646
3939.845	2.477	63.24	38.61		24.272
3939.997	2.443	63.244	38.612		23.943
3940.15	2.436	63.247	38.613		23.873
3940.302	2.487	63.251	38.615		24.371
3940.454	2.554	63.255	38.616		25.027
3940.607	2.572	63.259	38.618		25.205
3940.759	2.523	63.262	38.619		24.727
3940.912	2.518	63.266	38.621		24.677
3941.064	2.484	63.27	38.622		24.345
3941.216	2.481	63.274	38.624		24.314
3941.369	2.4	63.277	38.625		23.523
3941.521	2.455	63.281	38.627		24.057
3941.674	2.525	63.285	38.628		24.742
3941.826	2.486	63.288	38.63		24.364
3941.978	2.511	63.292	38.631		24.607
3942.131	2.444	63.296	38.633		23.954
3942.283	2.41	63.299	38.634		23.619
3942.436	2.447	63.303	38.636		23.979
3942.588	2.538	63.307	38.637		24.869
3942.74	2.551	63.311	38.639		24.999
3942.893	2.553	63.314	38.64		25.019
3943.045	2.506	63.318	38.642		24.561
3943.198	2.544	63.322	38.643		24.93
3943.35	2.579	63.326	38.645		25.273
3943.502	2.563	63.33	38.646		25.118
3943.655	2.553	63.333	38.648		25.02
3943.807	2.487	63.337	38.649		24.375
3943.96	2.436	63.341	38.651		23.875
3944.112	2.424	63.344	38.652		23.756
3944.264	2.503	63.348	38.654		24.526
3944.417	2.588	63.352	38.655		25.359
3944.569	2.568	63.356	38.657		25.167
3944.722	2.486	63.36	38.658		24.366
3944.874	2.449	63.363	38.66		24.002
3945.026	2.438	63.367	38.661		23.893
3945.179	2.433	63.37	38.663		23.844
3945.331	2.452	63.374	38.664		24.029
3945.484	2.444	63.378	38.666		23.952
3945.636	2.443	63.381	38.667		23.941
3945.788	2.459	63.385	38.669		24.098
3945.941	2.458	63.389	38.67		24.088
3946.093	2.477	63.392	38.672		24.274
3946.246	2.505	63.396	38.673		24.548
3946.398	2.501	63.4	38.675		24.51
3946.55	2.488	63.404	38.676		24.383
3946.703	2.504	63.407	38.678		24.539
3946.855	2.507	63.411	38.679		24.568
3947.008	2.475	63.415	38.681		24.256
3947.16	2.461	63.418	38.682		24.118
3947.312	2.443	63.422	38.684		23.942
3947.465	2.368	63.426	38.685		23.209
3947.617	2.415	63.429	38.687		23.665
3947.77	2.381	63.433	38.688		23.335
3947.922	2.376	63.436	38.69		23.285
3948.074	2.325	63.44	38.691		22.787
3948.227	2.352	63.443	38.693		23.049
3948.379	2.345	63.447	38.694		22.981
3948.532	2.327	63.45	38.696		22.805
3948.684	2.337	63.454	38.697		22.902
3948.836	2.288	63.457	38.699		22.424
3948.989	2.281	63.461	38.7		22.354
3949.141	2.305	63.464	38.702		22.588
3949.294	2.333	63.468	38.703		22.862
3949.446	2.327	63.471	38.705		22.805
3949.598	2.341	63.475	38.706		22.941
3949.751	2.347	63.478	38.708		22.998
3949.903	2.301	63.482	38.709		22.552
3950.056	2.252	63.485	38.711		22.071
3950.208	2.382	63.488	38.712		23.348
3950.36	2.483	63.492	38.714		24.33
3950.513	2.527	63.496	38.715		24.763
3950.665	2.387	63.499	38.717		23.388
3950.818	2.352	63.503	38.718		23.051
3950.97	2.432	63.507	38.72		23.831
3951.122	2.328	63.51	38.721		22.818
3951.275	2.318	63.514	38.722		22.717
3951.427	2.313	63.517	38.724		22.668
3951.58	2.356	63.521	38.725		23.087
3951.732	2.363	63.524	38.727		23.157
3951.884	2.365	63.528	38.728		23.177
3952.037	2.343	63.531	38.73		22.962
3952.189	2.341	63.535	38.731		22.942
3952.342	2.311	63.538	38.733		22.649
3952.494	2.347	63.542	38.734		22.999
3952.646	2.319	63.545	38.736		22.727
3952.799	2.324	63.548	38.737		22.775
3952.951	2.371	63.552	38.739		23.234
3953.104	2.422	63.556	38.74		23.734
3953.256	2.502	63.559	38.742		24.517
3953.408	2.424	63.563	38.743		23.758
3953.561	2.422	63.567	38.745		23.736
3953.713	2.37	63.57	38.746		23.228
3953.866	2.303	63.574	38.748		22.572
3954.018	2.327	63.577	38.749		22.804
3954.17	2.297	63.58	38.751		22.512
3954.323	2.294	63.584	38.752		22.481
3954.475	2.308	63.587	38.754		22.618
3954.628	2.299	63.591	38.755		22.531
3954.78	2.289	63.594	38.757		22.433
3954.932	2.267	63.598	38.758		22.217
3955.085	2.259	63.601	38.76		22.139
3955.237	2.289	63.604	38.761		22.431
3955.39	2.315	63.608	38.763		22.686
3955.542	2.358	63.611	38.764		23.107
3955.694	2.31	63.615	38.766		22.64
3955.847	2.334	63.618	38.767		22.872
3955.999	2.314	63.622	38.769		22.678
3956.152	2.347	63.625	38.77		22.999
3956.304	2.313	63.629	38.772		22.669
3956.456	2.323	63.632	38.773		22.765
3956.609	2.324	63.636	38.775		22.775
3956.761	2.34	63.639	38.776		22.931
3956.914	2.35	63.643	38.778		23.03
3957.066	2.423	63.646	38.779		23.743
3957.218	2.356	63.65	38.781		23.091
3957.371	2.397	63.653	38.782		23.489
3957.523	2.333	63.657	38.784		22.866
3957.676	2.297	63.66	38.785		22.512
3957.828	2.294	63.664	38.787		22.481
3957.98	2.311	63.667	38.788		22.647
3958.133	2.397	63.671	38.79		23.487
3958.285	2.376	63.674	38.791		23.286
3958.438	2.365	63.678	38.793		23.177
3958.59	2.364	63.681	38.794		23.167
3958.742	2.376	63.685	38.796		23.284
3958.895	2.376	63.688	38.797		23.285
3959.047	2.342	63.692	38.799		22.953
3959.2	2.296	63.695	38.8		22.503
3959.352	2.372	63.699	38.802		23.243
3959.504	2.502	63.703	38.803		24.524
3959.657	2.476	63.706	38.805		24.266
3959.809	2.459	63.71	38.806		24.099
3959.962	2.443	63.714	38.808		23.942
3960.114	2.545	63.718	38.809		24.937
3960.266	2.539	63.721	38.811		24.882
3960.419	2.532	63.725	38.812		24.814
3960.571	2.504	63.729	38.814		24.54
3960.724	2.497	63.733	38.815		24.471
3960.876	2.386	63.736	38.817		23.385
3961.028	2.346	63.74	38.818		22.992
3961.181	2.34	63.743	38.82		22.932
3961.333	2.32	63.747	38.821		22.737
3961.486	2.31	63.75	38.823		22.638
3961.638	2.34	63.754	38.824		22.931
3961.79	2.424	63.757	38.826		23.752
3961.943	2.42	63.761	38.827		23.716
3962.095	2.392	63.764	38.829		23.443
3962.248	2.316	63.768	38.83		22.7
3962.4	2.305	63.771	38.832		22.589
3962.552	2.356	63.775	38.833		23.087
3962.705	2.368	63.778	38.835		23.203
3962.857	2.324	63.782	38.836		22.772
3963.01	2.3	63.785	38.837		22.541
3963.162	2.384	63.789	38.839		23.36
3963.314	2.38	63.792	38.84		23.324
3963.467	2.371	63.796	38.842		23.236
3963.619	2.377	63.799	38.843		23.294
3963.772	2.388	63.803	38.845		23.402
3963.924	2.471	63.807	38.846		24.213
3964.076	2.45	63.81	38.848		24.011
3964.229	2.516	63.814	38.849		24.654
3964.381	2.502	63.818	38.851		24.52
3964.534	2.497	63.822	38.852		24.471
3964.686	2.461	63.825	38.854		24.119
3964.838	2.434	63.829	38.855		23.854
3964.991	2.384	63.832	38.857		23.365
3965.143	2.361	63.836	38.858		23.139
3965.296	2.353	63.839	38.86		23.06
3965.448	2.382	63.843	38.861		23.342
3965.6	2.402	63.847	38.863		23.539
3965.753	2.343	63.85	38.864		22.964
3965.905	2.351	63.854	38.866		23.039
3966.058	2.367	63.857	38.867		23.196
3966.21	2.382	63.861	38.869		23.343
