12362.5	2.59903
12363	2.602
12363.5	2.64095
12364	2.63001
12364.5	2.58206
12365	2.55104
12365.5	2.551
12366	2.35626
12366.5	2.19721
12367	2.25592
12367.5	2.26299
12368	2.25301
12368.5	2.257
12369	2.23203
12369.5	2.18306
12370	2.21468
12370.5	2.32386
12371	2.36594
12371.5	2.35801
12372	2.41592
12372.5	2.38704
12373	2.30111
12373.5	2.33096
12374	2.47381
12374.5	2.52893
12375	2.51702
12375.5	2.56194
12376	2.46092
12376.5	2.31719
12377	2.29004
12377.5	2.31197
12378	2.33397
12378.5	2.28906
12379	2.23407
12379.5	2.233
12380	2.24498
12380.5	2.24999
12381	2.29794
12381.5	2.27403
12382	2.22906
12382.5	2.21901
12383	2.21001
12383.5	2.25494
12384	2.27597
12384.5	2.26302
12385	2.29296
12385.5	2.33894
12386	2.36297
12386.5	2.37199
12387	2.36801
12387.5	2.41294
12388	2.50188
12388.5	2.66
12389	2.66
12389.5	2.66
12390	2.4343
12390.5	2.35311
12391	2.34301
12391.5	2.34899
12392	2.36598
12392.5	2.41294
12393	2.416
12393.5	2.47392
12394	2.39011
12394.5	2.32109
12395	2.321
12395.5	2.318
12396	2.32
12396.5	2.32699
12397	2.327
12397.5	2.33399
12398	2.32201
12398.5	2.31301
12399	2.31999
12399.5	2.318
12400	2.32599
12400.5	2.30303
12401	2.3
12401.5	2.27603
12402	2.30696
12402.5	2.32697
12403	2.35796
12403.5	2.26912
12404	2.22905
12404.5	2.21702
12405	2.217
12405.5	2.22998
12406	2.23
12406.5	2.22198
12407	2.21801
12407.5	2.25295
12408	2.24102
12408.5	2.23501
12409	2.28394
12409.5	2.29498
12410	2.31897
12410.5	2.33198
12411	2.29006
12411.5	2.31896
12412	2.29403
12412.5	2.28302
12413	2.23706
12413.5	2.27395
12414	2.28898
12414.5	2.31696
12415	2.30302
12415.5	2.27603
12416	2.28399
12416.5	2.27202
12417	2.24204
12417.5	2.26597
12418	2.21706
12418.5	2.216
12419	2.26593
12419.5	2.269
12420	2.20508
12420.5	2.14009
12421	2.17995
12421.5	2.24791
12422	2.26298
12422.5	2.265
12423	2.262
12423.5	2.28197
12424	2.26902
12424.5	2.24803
12425	2.24301
12425.5	2.243
12426	2.28295
12426.5	2.27801
12427	2.30496
12427.5	2.30101
12428	2.33296
12428.5	2.27707
12429	2.27301
12429.5	2.26301
12430	2.26799
12430.5	2.32892
12431	2.29005
12431.5	2.29999
12432	2.31898
12432.5	2.28704
12433	2.25504
12433.5	2.27098
12434	2.25502
12434.5	2.27298
12435	2.23705
12435.5	2.28593
12436	2.285
12436.5	2.27302
12437	2.29996
12437.5	2.303
12438	2.31798
12438.5	2.28504
12439	2.29599
12439.5	2.28801
12440	2.28001
12440.5	2.29198
12441	2.28002
12441.5	2.27301
12442	2.29797
12442.5	2.32696
12443	2.32522
12443.5	2.34897
12444	2.37197
12444.5	2.371
12445	2.36101
12445.5	2.37099
12446	2.35802
12446.5	2.34102
12447	2.343
12447.5	2.34699
12448	2.35
12448.5	2.34301
12449	2.35099
12449.5	2.35
12450	2.34401
12450.5	2.35598
12451	2.356
12451.5	2.36399
12452	2.37099
12452.5	2.39497
12453	2.37702
12453.5	2.35403
12454	2.34102
12454.5	2.35298
12455	2.36299
12455.5	2.35501
12456	2.34801
12456.5	2.35299
12457	2.35
12457.5	2.34101
12458	2.31004
12458.5	2.29502
12459	2.30798
12459.5	2.32697
12460	2.31801
12460.5	2.29603
12461	2.35392
12461.5	2.34701
12462	2.35199
12462.5	2.354
12463	2.31805
12463.5	2.30801
12464	2.33197
12464.5	2.34998
12465	2.36598
12465.5	2.38198
12466	2.38699
12466.5	2.3131
12467	2.32299
12467.5	2.33898
12468	2.337
12468.5	2.32502
12469	2.31501
12469.5	2.29503
12470	2.30199
12470.5	2.29601
12471	2.28302
12471.5	2.29598
12472	2.27103
12472.5	2.25802
12473	2.27098
12473.5	2.32892
12474	2.326
12474.5	2.33399
12475	2.34698
12475.5	2.32003
12476	2.30302
12476.5	2.31299
12477	2.32598
12477.5	2.34098
12478	2.36597
12478.5	2.38697
12479	2.38201
12479.5	2.36811
12480	2.37699
12480.5	2.38199
12481	2.39798
12481.5	2.39101
12482	2.37802
12482.5	2.36701
12483	2.38098
12483.5	2.40397
12484	2.406
12484.5	2.42697
12485	2.42001
12485.5	2.40802
12486	2.41
12486.5	2.41
12487	2.41399
12487.5	2.417
12488	2.416
12488.5	2.413
12489	2.40801
12489.5	2.404
12490	2.37604
12490.5	2.36601
12491	2.38098
12491.5	2.38799
12492	2.38201
12492.5	2.39498
12493	2.38501
12493.5	2.34905
12494	2.34301
12494.5	2.342
12495	2.36297
12495.5	2.38197
12496	2.381
12496.5	2.40597
12497	2.409
12497.5	2.38703
12498	2.39199
12498.5	2.395
12499	2.38801
12499.5	2.37801
12500	2.38
12500.5	2.38599
12501	2.37501
12501.5	2.37001
12502	2.34104
12502.5	2.29906
12503	2.3
12503.5	2.31598
12504	2.30002
12504.5	2.28802
12505	2.31596
12505.5	2.33498
12506	2.31702
12506.5	2.33298
12507	2.37894
12507.5	2.40097
12508	2.37703
12508.5	2.37301
12509	2.40496
12509.5	2.403
12510	2.41798
12510.5	2.43098
12511	2.42701
12511.5	2.42301
12512	2.41201
12512.5	2.39702
12513	2.41498
12513.5	2.42099
12514	2.40402
12514.5	2.39401
12515	2.40998
12515.5	2.41499
12516	2.41389
12516.5	2.40401
12517	2.41399
12517.5	2.38903
12518	2.37202
12518.5	2.37899
12519	2.38499
12519.5	2.388
12520	2.38201
12520.5	2.38999
12521	2.393
12521.5	2.39999
12522	2.41598
12522.5	2.40701
12523	2.43696
12523.5	2.46696
12524	2.49097
12524.5	2.46204
12525	2.44303
12525.5	2.42203
12526	2.40902
12526.5	2.40001
12527	2.39201
12527.5	2.40399
12528	2.41698
12528.5	2.42299
12529	2.44397
12529.5	2.43401
12530	2.42601
12530.5	2.43499
12531	2.42202
12531.5	2.42
12532	2.417
12532.5	2.44197
12533	2.43401
12533.5	2.42202
12534	2.45296
12534.5	2.456
12535	2.455
12535.5	2.46898
12536	2.467
12536.5	2.45202
12537	2.46099
12537.5	2.39009
12538	2.37602
12538.5	2.40596
12539	2.41798
12539.5	2.40801
12540	2.41
12540.5	2.411
12541	2.37105
12541.5	2.34503
12542	2.36098
12542.5	2.4359
12543	2.439
12543.5	2.45298
12544	2.44601
12544.5	2.47197
12545	2.48099
12545.5	2.44405
12546	2.45399
12546.5	2.44501
12547	2.45399
12547.5	2.48096
12548	2.41309
12548.5	2.40102
12549	2.38502
12549.5	2.37601
12550	2.41095
12550.5	2.43397
12551	2.45098
12551.5	2.44201
12552	2.48195
12552.5	2.44605
12553	2.45399
12553.5	2.44501
12554	2.45898
12554.5	2.43503
12555	2.40803
12555.5	2.45094
12556	2.45
12556.5	2.453
12557	2.44301
12557.5	2.43301
12558	2.44199
12558.5	2.46397
12559	2.42605
12559.5	2.45197
12560	2.43103
12560.5	2.42401
12561	2.41901
12561.5	2.41101
12562	2.42798
12562.5	2.39504
12563	2.42296
12563.5	2.39604
12564	2.42596
12564.5	2.43099
12565	2.46895
12565.5	2.47699
12566	2.477
12566.5	2.46002
12567	2.43603
12567.5	2.46296
12568	2.42605
12568.5	2.44997
12569	2.453
12569.5	2.43003
12570	2.47294
12570.5	2.43006
12571	2.429
12571.5	2.44598
12572	2.47696
12572.5	2.42707
12573	2.47993
12573.5	2.43506
12574	2.46097
12574.5	2.43503
12575	2.42401
12575.5	2.47893
12576	2.44105
12576.5	2.45199
12577	2.43003
12577.5	2.431
12578	2.434
12578.5	2.436
12579	2.439
12579.5	2.44399
12580	2.45299
12580.5	2.43003
12581	2.42201
12581.5	2.43998
12582	2.46597
12582.5	2.36114
12583	2.40494
12583.5	2.43296
12584	2.36609
12584.5	2.21919
12585	2.37679
12585.5	2.53679
12586	2.42914
12586.5	2.41402
12587	2.42099
12587.5	2.42899
12588	2.433
12588.5	2.48693
12589	2.45504
12589.5	2.46099
12590	2.42405
12590.5	2.40403
12591	2.40899
12591.5	2.39802
12592	2.42297
12592.5	2.40602
12593	2.38603
12593.5	2.39199
12594	2.37902
12594.5	2.40297
12595	2.38802
12595.5	2.39499
12596	2.40698
12596.5	2.43297
12597	2.41902
12597.5	2.43698
12598	2.437
12598.5	2.44799
12599	2.45399
12599.5	2.44202
12600	2.44599
12600.5	2.47596
12601	2.42407
12601.5	2.39703
12602	2.41198
12602.5	2.42698
12603	2.44498
12603.5	2.49394
12604	2.55292
12604.5	2.57897
12605	2.54504
12605.5	2.65186
12606	2.71
12606.5	2.67312
12607	2.58212
12607.5	2.55803
12608	2.50207
12608.5	2.48702
12609	2.51596
12609.5	2.44617
12610	2.46597
12610.5	2.48597
12611	2.48201
12611.5	2.45504
12612	2.42304
12612.5	2.43299
12613	2.47794
12613.5	2.44105
12614	2.41304
12614.5	2.40401
12615	2.39401
12615.5	2.39799
12616	2.42397
12616.5	2.41801
12617	2.40901
12617.5	2.40001
12618	2.41598
12618.5	2.46094
12619	2.44702
12619.5	2.46697
12620	2.465
12620.5	2.46001
12621	2.47997
12621.5	2.52494
12622	2.71
12622.5	2.66209
12623	2.65401
12623.5	2.657
12624	2.51818
12624.5	2.51201
12625	2.48603
12625.5	2.44106
12626	2.439
12626.5	2.45897
12627	2.42305
12627.5	2.425
12628	2.44497
12628.5	2.44001
12629	2.45099
12629.5	2.45799
12630	2.43004
12630.5	2.53386
12631	2.59392
12631.5	2.53508
12632	2.43713
12632.5	2.41503
12633	2.39602
12633.5	2.42696
12634	2.426
12634.5	2.43299
12635	2.41402
12635.5	2.415
12636	2.40202
12636.5	2.406
12637	2.39402
12637.5	2.44493
12638	2.45399
12638.5	2.46798
12639	2.47799
12639.5	2.49298
12640	2.496
12640.5	2.47103
12641	2.473
12641.5	2.47
12642	2.46501
12642.5	2.46101
12643	2.50394
12643.5	2.48602
12644	2.48101
12644.5	2.484
12645	2.45604
12645.5	2.44202
12646	2.44888
12646.5	2.42803
12647	2.42101
12647.5	2.4949
12648	2.46204
12648.5	2.45701
12649	2.47797
12649.5	2.45303
12650	2.49195
12650.5	2.48501
12651	2.46403
12651.5	2.462
12652	2.46699
12652.5	2.49496
12653	2.492
12653.5	2.489
12654	2.49499
12654.5	2.48302
12655	2.49199
12655.5	2.47602
12656	2.48299
12656.5	2.46003
12657	2.44502
12657.5	2.43901
12658	2.47296
12658.5	2.47
12659	2.44803
12659.5	2.45699
12660	2.47597
12660.5	2.473
12661	2.49797
12661.5	2.46804
12662	2.45402
12662.5	2.47597
12663	2.43306
12663.5	2.45297
12664	2.43003
12664.5	2.51089
12665	2.46007
12665.5	2.42804
12666	2.42101
12666.5	2.43598
12667	2.47195
12667.5	2.44903
12668	2.47896
12668.5	2.44005
12669	2.45298
12669.5	2.41006
12670	2.45195
12670.5	2.452
12671	2.46099
12671.5	2.44302
12672	2.47496
12672.5	2.47101
12673	2.47799
12673.5	2.51295
12674	2.49103
12674.5	2.47202
12675	2.48099
12675.5	2.48999
12676	2.50198
12676.5	2.48003
12677	2.46702
12677.5	2.47799
12678	2.43006
12678.5	2.47993
12679	2.53093
12679.5	2.49005
12680	2.487
12680.5	2.47601
12681	2.47001
12681.5	2.43904
12682	2.54786
12682.5	2.46016
12683	2.61979
12683.5	2.66
12684	2.62308
12684.5	2.47919
12685	2.50596
12685.5	2.46605
12686	2.48198
12686.5	2.47701
12687	2.48099
12687.5	2.45703
12688	2.44601
12688.5	2.47097
12689	2.45202
12689.5	2.45599
12690	2.46699
12690.5	2.47699
12691	2.477
12691.5	2.46701
12692	2.44803
12692.5	2.43002
12693	2.48792
12693.5	2.46803
12694	2.41807
12694.5	2.32213
12695	2.36095
12695.5	2.37099
12696	2.41594
12696.5	2.43797
12697	2.43401
12697.5	2.45198
12698	2.49295
12698.5	2.50598
12699	2.45107
12699.5	2.46997
12700	2.467
12700.5	2.45102
12701	2.47197
12701.5	2.43704
12702	2.45498
12702.5	2.46199
12703	2.465
12703.5	2.464
12704	2.44103
12704.5	2.47695
12705	2.44205
12705.5	2.45798
12706	2.46399
12706.5	2.461
12707	2.43603
12707.5	2.42501
12708	2.42999
12708.5	2.44498
12709	2.45599
12709.5	2.45101
12710	2.44001
12710.5	2.44899
12711	2.47297
12711.5	2.45902
12712	2.47997
12712.5	2.41608
12713	2.48691
12713.5	2.44705
12714	2.40905
12714.5	2.44695
12715	2.47596
12715.5	2.475
12716	2.45403
12716.5	2.43003
12717	2.44698
12717.5	2.46498
12718	2.49296
12718.5	2.50898
12719	2.45495
12719.5	2.43902
12720	2.39805
12720.5	2.42696
12721	2.41901
12721.5	2.42799
12722	2.45397
12722.5	2.44701
12723	2.43402
12723.5	2.44199
12724	2.45299
12724.5	2.44301
12725	2.45698
12725.5	2.46599
12726	2.44203
12726.5	2.45798
12727	2.46599
12727.5	2.46201
12728	2.465
12728.5	2.41007
12729	2.45394
12729.5	2.44301
12730	2.49693
12730.5	2.48502
12731	2.47102
12731.5	2.59284
12732	2.64693
12732.5	2.66
12733	2.5981
12733.5	2.56504
12734	2.44316
12734.5	2.36111
12735	2.40195
12735.5	2.42497
12736	2.48692
12736.5	2.48001
12737	2.48399
12737.5	2.44905
12738	2.44301
12738.5	2.40405
12739	2.39102
12739.5	2.44393
12740	2.46797
12740.5	2.469
12741	2.46001
12741.5	2.46
12742	2.458
12742.5	2.43004
12743	2.428
12743.5	2.45996
12744	2.46399
12744.5	2.46799
12745	2.44403
12745.5	2.45798
12746	2.47298
12746.5	2.472
12747	2.48099
12747.5	2.45903
12748	2.46599
12748.5	2.46001
12749	2.43204
12749.5	2.42601
12750	2.45197
12750.5	2.44501
12751	2.42802
12751.5	2.49591
12752	2.55692
12752.5	2.54002
12753	2.47009
12753.5	2.46301
12754	2.47299
12754.5	2.471
12755	2.44703
12755.5	2.44719
12756	2.46797
12756.5	2.49397
12757	2.495
12757.5	2.46704
12758	2.45102
12758.5	2.49195
12759	2.44806
12759.5	2.35712
12760	2.36499
12760.5	2.43091
12761	2.48493
12761.5	2.49099
12762	2.489
12762.5	2.48401
12763	2.46203
12763.5	2.42405
12764	2.41301
12764.5	2.417
12765	2.41001
12765.5	2.41899
12766	2.417
12766.5	2.44696
12767	2.44001
12767.5	2.42602
12768	2.429
12768.5	2.41801
12769	2.36307
12769.5	2.39196
12770	2.40199
12770.5	2.39601
12771	2.41298
12771.5	2.41799
12772	2.43897
12772.5	2.45897
12773	2.46599
12773.5	2.469
12774	2.45602
12774.5	2.44302
12775	2.44799
12775.5	2.45799
12776	2.459
12776.5	2.44702
12777	2.45
12777.5	2.45599
12778	2.458
12778.5	2.455
12779	2.455
12779.5	2.45899
12780	2.459
12780.5	2.45301
12781	2.45
12781.5	2.449
12782	2.449
12782.5	2.446
12783	2.42802
12783.5	2.42301
12784	2.43998
12784.5	2.441
12785	2.42003
12785.5	2.39703
12786	2.398
12786.5	2.40899
12787	2.411
12787.5	2.42698
12788	2.43299
12788.5	2.41802
12789	2.414
12789.5	2.40102
12790	2.38203
12790.5	2.39099
12791	2.391
12791.5	2.393
12792	2.39715
12792.5	2.41198
12793	2.42898
12793.5	2.431
12794	2.41702
12794.5	2.417
12795	2.42998
12795.5	2.43499
12796	2.42202
12796.5	2.41701
12797	2.40402
12797.5	2.42198
12798	2.44297
12798.5	2.41703
12799	2.40302
12799.5	2.41898
12800	2.41401
12800.5	2.40801
12801	2.41399
12801.5	2.43697
12802	2.44699
12802.5	2.43901
12803	2.43301
12803.5	2.42601
12804	2.42999
12804.5	2.45896
12805	2.46899
12805.5	2.46401
12806	2.47299
12806.5	2.47799
12807	2.45004
12807.5	2.43402
12808	2.436
12808.5	2.42601
12809	2.423
12809.5	2.42
12810	2.418
12810.5	2.44297
12811	2.44
12811.5	2.44
12812	2.42802
12812.5	2.41602
12813	2.43997
12813.5	2.436
12814	2.43001
12814.5	2.40903
12815	2.42897
12815.5	2.43799
12816	2.43201
12816.5	2.40104
12817	2.39301
12817.5	2.40598
12818	2.42997
12818.5	2.43
12819	2.426
12819.5	2.44398
12820	2.47196
12820.5	2.47799
12821	2.44105
12821.5	2.39306
12822	2.38501
12822.5	2.39099
12823	2.41497
12823.5	2.42199
12824	2.41301
12824.5	2.41899
12825	2.44297
12825.5	2.45099
12826	2.454
12826.5	2.44501
12827	2.42403
12827.5	2.426
12828	2.44498
12828.5	2.4358
12829	2.41802
12829.5	2.43797
12830	2.45997
12830.5	2.44602
12831	2.448
12831.5	2.43801
12832	2.42602
12832.5	2.41801
12833	2.42299
12833.5	2.45496
12834	2.456
12834.5	2.43503
12835	2.43999
12835.5	2.41403
12836	2.43997
12836.5	2.45198
12837	2.44501
12837.5	2.449
12838	2.45599
12838.5	2.46599
12839	2.49097
12839.5	2.44206
12840	2.442
12840.5	2.46397
12841	2.45501
12841.5	2.44601
12842	2.46398
12842.5	2.462
12843	2.44702
12843.5	2.43202
12844	2.39605
12844.5	2.44593
12845	2.47596
12845.5	2.45103
12846	2.46398
12846.5	2.47499
12847	2.475
12847.5	2.47001
12848	2.49696
12848.5	2.47703
12849	2.48199
12849.5	2.46902
12850	2.472
12850.5	2.46301
12851	2.45801
12851.5	2.45101
12852	2.44601
12852.5	2.47197
12853	2.46701
12853.5	2.467
12854	2.49397
12854.5	2.45605
12855	2.46099
12855.5	2.48397
12856	2.48
12856.5	2.477
12857	2.475
12857.5	2.45802
12858	2.46998
12858.5	2.46401
12859	2.461
12859.5	2.48297
12860	2.46702
12860.5	2.471
12861	2.472
12861.5	2.471
12862	2.47799
12862.5	2.45403
12863	2.454
12863.5	2.50793
12864	2.49302
12864.5	2.47003
12865	2.48598
12865.5	2.48101
12866	2.46003
12866.5	2.47698
12867	2.44105
12867.5	2.44499
12868	2.45898
12868.5	2.43903
12869	2.44599
12869.5	2.448
12870	2.40605
12870.5	2.41599
12871	2.416
12871.5	2.43298
12872	2.42002
12872.5	2.41601
12873	2.47892
12873.5	2.44205
12874	2.46098
12874.5	2.44902
12875	2.451
12875.5	2.454
12876	2.43702
12876.5	2.434
12877	2.431
12877.5	2.41802
12878	2.41101
12878.5	2.42698
12879	2.43399
12879.5	2.39605
12880	2.4
12880.5	2.41198
12881	2.44396
12881.5	2.46298
12882	2.43304
12882.5	2.434
12883	2.432
12883.5	2.42101
12884	2.42
12884.5	2.42399
12885	2.41501
12885.5	2.39802
12886	2.42896
12886.5	2.41801
12887	2.41001
12887.5	2.43297
12888	2.44199
12888.5	2.48095
12889	2.46302
12889.5	2.44502
12890	2.47896
12890.5	2.46502
12891	2.47199
12891.5	2.52393
12892	2.51701
12892.5	2.53797
12893	2.51004
12893.5	2.52898
12894	2.52101
12894.5	2.44011
12895	2.442
12895.5	2.43102
12896	2.5099
12896.5	2.50001
12897	2.502
12897.5	2.52896
12898	2.48805
12898.5	2.45804
12899	2.47598
12899.5	2.46302
12900	2.44902
12900.5	2.46198
12901	2.47898
12901.5	2.45303
12902	2.50992
12902.5	2.52398
12903	2.50902
12903.5	2.508
12904	2.48004
12904.5	2.46802
12905	2.472
12905.5	2.46801
12906	2.466
12906.5	2.47399
12907	2.49198
12907.5	2.48002
12908	2.52195
12908.5	2.48605
12909	2.50997
12909.5	2.60587
12910	2.65693
12910.5	2.53915
12911	2.55098
12911.5	2.54001
12912	2.48108
12912.5	2.51096
12913	2.513
12913.5	2.516
12914	2.53198
12914.5	2.51702
12915	2.50601
12915.5	2.46106
12916	2.46799
12916.5	2.48298
12917	2.51096
12917.5	2.52298
12918	2.47606
12918.5	2.47201
12919	2.472
12919.5	2.48898
12920	2.489
12920.5	2.48201
12921	2.45703
12921.5	2.45101
12922	2.45492
12922.5	2.43702
12923	2.43001
12923.5	2.44498
12924	2.445
12924.5	2.46597
12925	2.48498
12925.5	2.484
12926	2.49998
12926.5	2.46205
12927	2.44902
12927.5	2.46298
12928	2.48497
12928.5	2.46802
12929	2.43704
12929.5	2.43201
12930	2.45397
12930.5	2.44901
12931	2.43602
12931.5	2.433
12932	2.44099
12932.5	2.47895
12933	2.47101
12933.5	2.47899
12934	2.49098
12934.5	2.48201
12935	2.45304
12935.5	2.46998
12936	2.49397
12936.5	2.49899
12937	2.48402
12937.5	2.47701
12938	2.45703
12938.5	2.50693
12939	2.49901
12939.5	2.50299
12940	2.51399
12940.5	2.51999
12941	2.48405
12941.5	2.50897
12942	2.51499
12942.5	2.50801
12943	2.49002
12943.5	2.51097
12944	2.50001
12944.5	2.497
12945	2.50299
12945.5	2.48402
12946	2.55491
12946.5	2.61592
12947	2.63897
12947.5	2.66
12948	2.66
12948.5	2.52819
12949	2.51602
12949.5	2.518
12950	2.50701
12950.5	2.49502
12951	2.492
12951.5	2.50199
12952	2.505
12952.5	2.502
12953	2.48402
12953.5	2.47202
12954	2.55988
12954.5	2.557
12955	2.49508
12955.5	2.49999
12956	2.52297
12956.5	2.49404
12957	2.47602
12957.5	2.47999
12958	2.48699
12958.5	2.49686
12959	2.47203
12959.5	2.46101
12960	2.47199
12960.5	2.48299
12961	2.48
12961.5	2.46402
12962	2.46999
12962.5	2.469
12963	2.46101
12963.5	2.47698
12964	2.475
12964.5	2.46202
12965	2.463
12965.5	2.47299
12966	2.49098
12966.5	2.49999
12967	2.47004
12967.5	2.45302
12968	2.46299
12968.5	2.46899
12969	2.47299
12969.5	2.49597
12970	2.52296
12970.5	2.519
12971	2.519
12971.5	2.50901
12972	2.49002
12972.5	2.48401
12973	2.48999
12973.5	2.48001
12974	2.50597
12974.5	2.54395
12975	2.547
12975.5	2.52004
12976	2.52499
12976.5	2.54697
12977	2.52603
12977.5	2.49005
12978	2.49699
12978.5	2.47303
12979	2.46701
12979.5	2.47699
12980	2.46302
12980.5	2.46999
12981	2.472
12981.5	2.45302
12982	2.451
12982.5	2.43802
12983	2.44599
12983.5	2.47296
12984	2.473
12984.5	2.45203
12985	2.44701
12985.5	2.446
12986	2.447
12986.5	2.45599
12987	2.47198
12987.5	2.46601
12988	2.44303
12988.5	2.444
12989	2.45898
12989.5	2.46699
12990	2.471
12990.5	2.48198
12991	2.50197
12991.5	2.63482
12992	2.66
12992.5	2.62212
12993	2.54111
12993.5	2.539
12994	2.51603
12994.5	2.49403
12995	2.49888
12995.5	2.48102
12996	2.47002
12996.5	2.46301
12997	2.47998
12997.5	2.49398
12998	2.48102
12998.5	2.481
12999	2.50397
12999.5	2.50001
13000	2.51698
13000.5	2.53398
13001	2.55597
13001.5	2.66
13002	2.66
13002.5	2.66
13003	2.53521
13003.5	2.48506
13004	2.47901
13004.5	2.478
13005	2.47001
13005.5	2.47499
13006	2.476
13006.5	2.50496
13007	2.53496
13007.5	2.52501
13008	2.51801
13008.5	2.50402
13009	2.51299
13009.5	2.52299
13010	2.51601
13010.5	2.49403
13011	2.48401
13011.5	2.47601
13012	2.45003
13012.5	2.45899
13013	2.46
13013.5	2.45201
13014	2.43902
13014.5	2.45598
13015	2.49495
13015.5	2.50299
13016	2.502
13016.5	2.49401
13017	2.496
13017.5	2.48402
13018	2.43407
13018.5	2.43
13019	2.45397
13019.5	2.47397
13020	2.49897
13020.5	2.502
13021	2.51598
13021.5	2.48105
13022	2.53992
13022.5	2.66
13023	2.66
13023.5	2.66
13024	2.56525
13024.5	2.46114
13025	2.44902
13025.5	2.44201
13026	2.47795
13026.5	2.46901
13027	2.465
13027.5	2.58185
13028	2.66
13028.5	2.66
13029	2.52328
13029.5	2.45209
13030	2.44201
13030.5	2.45898
13031	2.45301
13031.5	2.4232
13032	2.44297
13032.5	2.47695
13033	2.48299
13033.5	2.48
13034	2.47501
13034.5	2.473
13035	2.47899
13035.5	2.45903
13036	2.52691
13036.5	2.66
13037	2.65403
13037.5	2.60007
13038	2.56105
13038.5	2.59995
13039	2.5261
13039.5	2.48705
13040	2.488
13040.5	2.48101
13041	2.47501
13041.5	2.472
13042	2.45402
13042.5	2.455
13043	2.46698
13043.5	2.41607
13044	2.37805
13044.5	2.46588
13045	2.50295
13045.5	2.49102
13046	2.54093
13046.5	2.48707
13047	2.47901
13047.5	2.475
13048	2.49497
13048.5	2.52296
13049	2.48505
13049.5	2.48001
13050	2.44904
13050.5	2.446
13051	2.45299
13051.5	2.46498
13052	2.49196
13052.5	2.47802
13053	2.478
13053.5	2.47101
13054	2.472
13054.5	2.46501
13055	2.467
13055.5	2.48298
13056	2.47301
13056.5	2.475
13057	2.44404
13057.5	2.39806
13058	2.48588
13058.5	2.45205
13059	2.49694
13059.5	2.49201
13060	2.47902
13060.5	2.47201
13061	2.47
13061.5	2.49996
13062	2.46405
13062.5	2.52792
13063	2.66
13063.5	2.66
13064	2.66
13064.5	2.59843
13065	2.47516
13065.5	2.474
13066	2.473
13066.5	2.47899
13067	2.52294
13067.5	2.519
13068	2.50199
13068.5	2.499
13069	2.48402
13069.5	2.46203
13070	2.49296
13070.5	2.496
13071	2.47003
13071.5	2.49397
13072	2.494
13072.5	2.47502
13073	2.477
13073.5	2.54291
13074	2.66
13074.5	2.66
13075	2.5302
13075.5	2.53
13076	2.46009
13076.5	2.51692
13077	2.66
13077.5	2.66
13078	2.66
13078.5	2.66
13079	2.51333
13079.5	2.49103
13080	2.46104
13080.5	2.462
13081	2.44802
13081.5	2.38309
13082	2.37701
13082.5	2.46788
13083	2.48498
13083.5	2.49998
13084	2.48702
13084.5	2.48101
13085	2.49798
13085.5	2.48402
13086	2.44705
13086.5	2.445
13087	2.43901
13087.5	2.49093
13088	2.49899
13088.5	2.50899
13089	2.49801
13089.5	2.49201
13090	2.51197
13090.5	2.512
13091	2.48703
13091.5	2.49599
13092	2.55392
13092.5	2.59395
13093	2.56304
13093.5	2.54602
13094	2.48608
13094.5	2.47801
13095	2.46901
13095.5	2.472
13096	2.56588
13096.5	2.66
13097	2.66
13097.5	2.66
13098	2.45138
13098.5	2.43602
13099	2.45198
13099.5	2.43602
13100	2.42601
13100.5	2.425
13101	2.41901
13101.5	2.419
13102	2.42399
13102.5	2.41202
13103	2.408
13103.5	2.42198
13104	2.42599
13104.5	2.38912
13105	2.39599
13105.5	2.41597
13106	2.40601
13106.5	2.41299
13107	2.46493
13107.5	2.3901
13108	2.39
13108.5	2.38201
13109	2.38999
13109.5	2.39599
13110	2.43395
13110.5	2.43899
13111	2.43001
13111.5	2.46296
13112	2.66
13112.5	2.66
13113	2.66
13113.5	2.66
13114	2.66
13114.5	2.45139
13115	2.454
13115.5	2.5299
13116	2.48506
13116.5	2.39013
13117	2.37402
13117.5	2.36701
13118	2.39496
13118.5	2.42296
13119	2.36707
13119.5	2.35901
13120	2.35614
13120.5	2.36412
13121	2.48558
13121.5	2.58587
13122	2.41922
13122.5	2.40003
13123	2.36904
13123.5	2.32113
13124	2.35298
13124.5	2.34501
13125	2.37596
13125.5	2.377
13126	2.35004
13126.5	2.37796
13127	2.36202
13127.5	2.36999
13128	2.38598
13128.5	2.388
13129	2.35904
13129.5	2.42891
13130	2.63972
13130.5	2.62502
13131	2.49417
13131.5	2.38414
13132	2.35704
13132.5	2.28923
13133	2.27755
13133.5	2.292
13134	2.3719
13134.5	2.48885
13135	2.45704
13135.5	2.42304
13136	2.32413
13136.5	2.321
13137	2.35595
13137.5	2.45687
13138	2.49195
13138.5	2.45105
13139	2.43103
13139.5	2.35909
13140	2.36799
13140.5	2.32606
13141	2.3242
13141.5	2.32999
13142	2.3069
13142.5	2.36093
13143	2.33603
13143.5	2.34699
13144	2.47783
13144.5	2.66
13145	2.64004
13145.5	2.43427
13146	2.41503
13146.5	2.39802
13147	2.38102
13147.5	2.39099
13148	2.391
13148.5	2.38201
13149	2.384
13149.5	2.44093
13150	2.57083
13150.5	2.58898
13151	2.57801
13151.5	2.40722
13152	2.39701
13152.5	2.40099
13153	2.40599
13153.5	2.409
13154	2.4849
13154.5	2.55291
13155	2.64588
13155.5	2.53515
13156	2.52501
13156.5	2.54697
13157	2.43515
13157.5	2.41802
13158	2.39104
13158.5	2.33607
13159	2.337
13159.5	2.35897
13160	2.31606
13160.5	2.32199
13161	2.29903
13161.5	2.31911
13162	2.30202
13162.5	2.49861
13163	2.53795
13163.5	2.59892
13164	2.59301
13164.5	2.66
13165	2.66
13165.5	2.66
13166	2.40536
13166.5	2.39302
13167	2.37502
13167.5	2.39098
13168	2.58375
13168.5	2.66
13169	2.66
13169.5	2.66
13170	2.66
13170.5	2.40444
13171	2.42397
13171.5	2.36308
13172	2.35301
13172.5	2.36412
13173	2.35108
13173.5	2.3518
13174	2.55573
13174.5	2.64788
13175	2.41531
13175.5	2.32612
13176	2.32999
13176.5	2.31202
13177	2.34296
13177.5	2.34667
13178	2.32203
13178.5	2.34098
13179	2.34799
13179.5	2.45486
13180	2.46598
13180.5	2.44203
13181	2.45998
13181.5	2.50794
13182	2.53297
13182.5	2.54598
13183	2.43315
13183.5	2.37108
13184	2.2931
13184.5	2.31597
13185	2.318
13185.5	2.34097
13186	2.33101
13186.5	2.31003
13187	2.307
13187.5	2.29202
13188	2.31497
13188.5	2.32399
13189	2.30702
13189.5	2.29402
13190	2.30399
13190.5	2.303
13191	2.3
13191.5	2.43083
13192	2.66
13192.5	2.66
13193	2.47425
13193.5	2.28824
13194	2.31496
13194.5	2.37992
13195	2.49385
13195.5	2.47003
13196	2.49097
13196.5	2.66
13197	2.66
13197.5	2.62028
13198	2.66
13198.5	2.66
13199	2.63017
13199.5	2.66
13200	2.62007
13200.5	2.63098
13201	2.64099
13201.5	2.63301
13202	2.46023
13202.5	2.43004
13203	2.43699
13203.5	2.39206
13204	2.41996
13204.5	2.45995
13205	2.44302
13205.5	2.49094
13206	2.52695
13206.5	2.527
13207	2.54597
13207.5	2.66
13208	2.66
13208.5	2.66
13209	2.66
13209.5	2.66
13210	2.66
13210.5	2.66
13211	2.66
13211.5	2.66
13212	2.66
13212.5	2.66
13213	2.66
13213.5	2.66
13214	2.65421
13214.5	2.46425
13215	2.44303
13215.5	2.35711
13216	2.45088
13216.5	2.63476
13217	2.66
13217.5	2.66
13218	2.58024
13218.5	2.54704
13219	2.52902
13219.5	2.54598
13220	2.55599
13220.5	2.55001
13221	2.60393
13221.5	2.63097
13222	2.66
13222.5	2.54819
13223	2.51005
13223.5	2.44009
13224	2.42702
13224.5	2.57481
13225	2.66
13225.5	2.66
13226	2.66
13226.5	2.66
13227	2.37344
13227.5	2.38199
13228	2.34505
13228.5	2.33701
13229	2.34998
13229.5	2.34201
13230	2.27609
13230.5	2.32494
13231	2.34597
13231.5	2.40293
13232	2.40999
13232.5	2.42598
13233	2.41801
13233.5	2.39903
13234	2.48588
13234.5	2.50193
13235	2.49002
13235.5	2.48501
13236	2.53394
13236.5	2.6079
13237	2.62198
13237.5	2.62799
13238	2.64398
13238.5	2.66
13239	2.66
13239.5	2.66
13240	2.66
13240.5	2.66
13241	2.54316
13241.5	2.43634
13242	2.44323
13242.5	2.45451
13243	2.40005
13243.5	2.30165
13244	2.26709
13244.5	2.26595
13245	2.27857
13245.5	2.26038
13246	2.24858
13246.5	2.25927
13247	2.29978
13247.5	2.30875
13248	2.30537
13248.5	2.29914
13249	2.30507
13249.5	2.31763
13250	2.31385
13250.5	2.3218
13251	2.30926
13251.5	2.29925
13252	2.29164
13252.5	2.30495
13253	2.30503
13253.5	2.29906
13254	2.31552
13254.5	2.30585
13255	2.32485
13255.5	2.34118
13256	2.3342
13256.5	2.31314
13257	2.32104
13257.5	2.31519
13258	2.3077
13258.5	2.33504
13259	2.32311
13259.5	2.33732
13260	2.32239
13260.5	2.29935
13261	2.30889
13261.5	2.29899
13262	2.29804
13262.5	2.28307
13263	2.30899
13263.5	2.30007
13264	2.28085
13264.5	2.29999
13265	2.29728
13265.5	2.29489
13266	2.29998
13266.5	2.30798
13267	2.30538
13267.5	2.29875
13268	2.30451
13268.5	2.30251
13269	2.31127
13269.5	2.29983
13270	2.30439
13270.5	2.30767
13271	2.30998
13271.5	2.31651
13272	2.31655
13272.5	2.30423
13273	2.29177
13273.5	2.28456
13274	2.30127
13274.5	2.34894
13275	2.31639
13275.5	2.32106
13276	2.41789
13276.5	2.44197
13277	2.45598
13277.5	2.37761
13278	2.30756
13278.5	2.29104
13279	2.28048
13279.5	2.29142
13280	2.30711
13280.5	2.30307
13281	2.29745
13281.5	2.29481
13282	2.28258
13282.5	2.2921
13283	2.29913
13283.5	2.28704
13284	2.28466
13284.5	2.29261
13285	2.2967
13285.5	2.28799
13286	2.28649
13286.5	2.27112
13287	2.27861
13287.5	2.2881
13288	2.27498
13288.5	2.28185
13289	2.28397
13289.5	2.27081
13290	2.2883
13290.5	2.31597
13291	2.27594
13291.5	2.34391
13292	2.37096
13292.5	2.33305
13293	2.35297
13293.5	2.34301
13294	2.36297
13294.5	2.34003
13295	2.32502
13295.5	2.33299
13296	2.28946
13296.5	2.34494
13297	2.27222
13297.5	2.28079
13298	2.26977
13298.5	2.25969
13299	2.26265
13299.5	2.26432
13300	2.25614
13300.5	2.264
13301	2.25259
13301.5	2.25081
13302	2.23731
13302.5	2.22226
13303	2.22456
13303.5	2.24117
13304	2.23847
13304.5	2.23851
13305	2.23941
13305.5	2.23432
13306	2.22595
13306.5	2.24526
13307	2.2506
13307.5	2.23832
13308	2.24325
13308.5	2.23409
13309	2.22753
13309.5	2.23583
13310	2.25011
13310.5	2.25406
13311	2.24842
13311.5	2.23826
13312	2.23912
13312.5	2.2453
13313	2.24579
13313.5	2.25505
13314	2.2653
13314.5	2.26443
13315	2.26919
13315.5	2.26269
13316	2.25419
13316.5	2.25853
13317	2.2603
13317.5	2.24572
13318	2.24001
13318.5	2.25053
13319	2.26335
13319.5	2.27046
13320	2.26335
13320.5	2.2622
13321	2.25871
13321.5	2.2626
13322	2.25795
13322.5	2.24733
13323	2.24493
13323.5	2.24963
13324	2.25427
13324.5	2.24384
13325	2.23776
13325.5	2.24954
13326	2.24551
13326.5	2.24434
13327	2.24092
13327.5	2.23539
13328	2.37773
13328.5	2.48186
13329	2.42707
13329.5	2.41601
13330	2.40901
13330.5	2.33148
13331	2.34996
13331.5	2.35399
13332	2.25795
13332.5	2.25711
13333	2.25631
13333.5	2.2541
13334	2.25427
13334.5	2.254
13335	2.24242
13335.5	2.22928
13336	2.25301
13336.5	2.41479
13337	2.45894
13337.5	2.3841
13338	2.39399
13338.5	2.28414
13339	2.32395
13339.5	2.55869
13340	2.54602
13340.5	2.44214
13341	2.32615
13341.5	2.30303
13342	2.27404
13342.5	2.26056
13343	2.26599
13343.5	2.27198
13344	2.26544
13344.5	2.25985
13345	2.25199
13345.5	2.25726
13346	2.25804
13346.5	2.23414
13347	2.30888
13347.5	2.27642
13348	2.26268
13348.5	2.2483
13349	2.2512
13349.5	2.24278
13350	2.23824
13350.5	2.23944
13351	2.24407
13351.5	2.24592
13352	2.31891
13352.5	2.38691
13353	2.35404
13353.5	2.35
13354	2.60467
13354.5	2.64695
13355	2.66797
13355.5	2.65502
13356	2.55613
13356.5	2.51006
13357	2.36918
13357.5	2.41094
13358	2.49389
13358.5	2.494
13359	2.47502
13359.5	2.52793
13360	2.56695
13360.5	2.64989
13361	2.60106
13361.5	2.65193
13362	2.32945
13362.5	2.28296
13363	2.31492
13363.5	2.26994
13364	2.26684
13364.5	2.24513
13365	2.2556
13365.5	2.25127
13366	2.24019
13366.5	2.25412
13367	2.24906
13367.5	2.27898
13368	2.32194
13368.5	2.29813
13369	2.49172
13369.5	2.55592
13370	2.47317
13370.5	2.58595
13371	2.70585
13371.5	2.71
13372	2.71
13372.5	2.71
13373	2.71
13373.5	2.70203
13374	2.703
13374.5	2.71
13375	2.70404
13375.5	2.52048
13376	2.50302
13376.5	2.54994
13377	2.48509
13377.5	2.45105
13378	2.46898
13378.5	2.48498
13379	2.50697
13379.5	2.38416
13380	2.3071
13380.5	2.27939
13381	2.28325
13381.5	2.29544
13382	2.31445
13382.5	2.36594
13383	2.3765
13383.5	2.45871
13384	2.56684
13384.5	2.59396
13385	2.67489
13385.5	2.51558
13386	2.31141
13386.5	2.24999
13387	2.25023
13387.5	2.25651
13388	2.24584
13388.5	2.24548
13389	2.27447
13389.5	2.29631
13390	2.31215
13390.5	2.28397
13391	2.28094
13391.5	2.28126
13392	2.26298
13392.5	2.25658
13393	2.26723
13393.5	2.28078
13394	2.29556
13394.5	2.28885
13395	2.29802
13395.5	2.28255
13396	2.32295
13396.5	2.29376
13397	2.28641
13397.5	2.28723
13398	2.29948
13398.5	2.29744
13399	2.28084
13399.5	2.26144
13400	2.27164
13400.5	2.25655
13401	2.24075
13401.5	2.22295
13402	2.27693
13402.5	2.31395
13403	2.26706
13403.5	2.38285
13404	2.28713
13404.5	2.27909
13405	2.28375
13405.5	2.29952
13406	2.3034
13406.5	2.30413
13407	2.30488
13407.5	2.30563
13408	2.29143
13408.5	2.30351
13409	2.31322
13409.5	2.29406
13410	2.2973
13410.5	2.29309
13411	2.27918
13411.5	2.32793
13412	2.36096
13412.5	2.28477
13413	2.28839
13413.5	2.34095
13414	2.30948
13414.5	2.33729
13415	2.33187
13415.5	2.33696
13416	2.34011
13416.5	2.33651
13417	2.33011
13417.5	2.32519
13418	2.31772
13418.5	2.32613
13419	2.32561
13419.5	2.31562
13420	2.32036
13420.5	2.32364
13421	2.31344
13421.5	2.31252
13422	2.32198
13422.5	2.32795
13423	2.34259
13423.5	2.32505
13424	2.324
13424.5	2.29753
13425	2.32003
13425.5	2.35098
13426	2.36598
13426.5	2.31823
13427	2.29348
13427.5	2.29746
13428	2.30674
13428.5	2.31215
13429	2.30709
13429.5	2.32157
13430	2.31219
13430.5	2.29894
13431	2.32476
13431.5	2.35009
13432	2.362
13432.5	2.34459
13433	2.43188
13433.5	2.55384
13434	2.38768
13434.5	2.33622
13435	2.32879
13435.5	2.29606
13436	2.3161
13436.5	2.2691
13437	2.27501
13437.5	2.23646
13438	2.24166
13438.5	2.21757
13439	2.24396
13439.5	2.20242
13440	2.17411
13440.5	2.17324
13441	2.2486
13441.5	2.22449
13442	2.24284
13442.5	2.24599
13443	2.27796
13443.5	2.26601
13444	2.24902
13444.5	2.23173
13445	2.26298
13445.5	2.28297
13446	2.32694
13446.5	2.30803
13447	2.32098
13447.5	2.30402
13448	2.30899
13448.5	2.31799
13449	2.38391
13449.5	2.40198
13450	2.31112
13450.5	2.50175
13451	2.50699
13451.5	2.52098
13452	2.53498
13452.5	2.47008
13453	2.40488
13453.5	2.39585
13454	2.35224
13454.5	2.31493
13455	2.29999
13455.5	2.23197
13456	2.28036
13456.5	2.29101
13457	2.22968
13457.5	2.40779
13458	2.44096
13458.5	2.5129
13459	2.41313
13459.5	2.31912
13460	2.31101
13460.5	2.30001
13461	2.30999
13461.5	2.312
13462	2.27095
13462.5	2.34054
13463	2.32049
13463.5	2.31934
13464	2.41477
13464.5	2.48191
13465	2.49199
13465.5	2.53295
13466	2.41715
13466.5	2.39716
13467	2.30924
13467.5	2.31955
13468	2.34811
13468.5	2.35885
13469	2.32548
13469.5	2.30347
13470	2.2807
13470.5	2.29183
13471	2.30323
13471.5	2.30058
13472	2.2843
13472.5	2.30883
13473	2.31264
13473.5	2.3048
13474	2.28982
13474.5	2.28803
13475	2.29059
13475.5	2.29082
13476	2.26751
13476.5	2.2881
13477	2.3007
13477.5	2.32991
13478	2.28765
13478.5	2.30443
13479	2.28531
13479.5	2.29951
13480	2.30429
13480.5	2.28745
13481	2.29951
13481.5	2.31006
13482	2.29001
13482.5	2.2919
13483	2.29921
13483.5	2.30533
13484	2.29766
13484.5	2.29597
13485	2.30328
13485.5	2.30441
13486	2.30123
13486.5	2.30841
13487	2.30911
13487.5	2.29005
13488	2.27934
13488.5	2.27784
13489	2.28589
13489.5	2.27806
13490	2.28096
13490.5	2.28388
13491	2.29098
13491.5	2.27817
13492	2.27937
13492.5	2.29164
13493	2.29428
13493.5	2.29853
13494	2.29816
13494.5	2.30577
13495	2.29856
13495.5	2.29269
13496	2.29307
13496.5	2.28852
13497	2.28868
13497.5	2.29972
13498	2.27868
13498.5	2.23366
13499	2.23418
13499.5	2.24285
13500	2.24583
13500.5	2.25087
13501	2.25349
13501.5	2.25275
13502	2.24591
13502.5	2.25519
13503	2.24698
13503.5	2.2603
13504	2.28549
13504.5	2.29158
13505	2.28233
13505.5	2.24236
13506	2.25425
13506.5	2.26062
13507	2.23459
13507.5	2.25078
13508	2.24938
13508.5	2.24915
13509	2.28836
13509.5	2.2972
13510	2.28902
13510.5	2.26528
13511	2.26001
13511.5	2.2432
13512	2.26013
13512.5	2.25281
13513	2.24886
13513.5	2.26095
13514	2.28111
13514.5	2.27175
13515	2.27625
13515.5	2.26591
13516	2.26828
13516.5	2.25442
13517	2.25598
13517.5	2.27351
13518	2.28684
13518.5	2.26863
13519	2.28302
13519.5	2.28781
13520	2.28514
13520.5	2.27807
13521	2.27184
13521.5	2.26832
13522	2.26392
13522.5	2.262
13523	2.26064
13523.5	2.25296
13524	2.2521
13524.5	2.25649
13525	2.25721
13525.5	2.24526
13526	2.25257
13526.5	2.25735
13527	2.25996
13527.5	2.26774
13528	2.26223
13528.5	2.26856
13529	2.2657
13529.5	2.25254
13530	2.24228
13530.5	2.24329
13531	2.24583
13531.5	2.24661
13532	2.24535
13532.5	2.24001
13533	2.24976
13533.5	2.2559
13534	2.25386
13534.5	2.25372
13535	2.24503
13535.5	2.24419
13536	2.2478
13536.5	2.25444
13537	2.25751
13537.5	2.26204
13538	2.2769
13538.5	2.25501
13539	2.25186
13539.5	2.25832
13540	2.25148
13540.5	2.24998
13541	2.25023
13541.5	2.25357
13542	2.23902
13542.5	2.26133
13543	2.23232
13543.5	2.27067
13544	2.287
13544.5	2.27829
13545	2.27868
13545.5	2.28145
13546	2.25735
13546.5	2.27185
13547	2.26441
13547.5	2.26739
13548	2.25166
13548.5	2.25037
13549	2.25485
13549.5	2.25817
13550	2.25902
13550.5	2.26378
13551	2.26133
13551.5	2.26825
13552	2.27054
13552.5	2.25001
13553	2.26424
13553.5	2.2801
13554	2.30128
13554.5	2.30583
13555	2.41693
13555.5	2.42847
13556	2.40208
13556.5	2.3096
13557	2.28046
13557.5	2.26182
13558	2.26723
13558.5	2.26212
13559	2.26133
13559.5	2.26749
13560	2.2556
13560.5	2.24557
13561	2.25408
13561.5	2.25956
13562	2.26159
13562.5	2.25795
13563	2.25719
13563.5	2.27263
13564	2.27929
13564.5	2.271
13565	2.26924
13565.5	2.26388
13566	2.27151
13566.5	2.27201
13567	2.27558
13567.5	2.28118
13568	2.294
13568.5	2.27465
13569	2.28483
13569.5	2.29262
13570	2.26735
13570.5	2.35388
13571	2.45087
13571.5	2.47797
13572	2.44105
13572.5	2.41903
13573	2.45296
13573.5	2.55886
13574	2.54901
13574.5	2.37436
13575	2.34849
13575.5	2.35105
13576	2.33513
13576.5	2.3538
13577	2.40215
13577.5	2.37121
13578	2.38302
13578.5	2.39694
13579	2.40105
13579.5	2.41328
13580	2.40993
13580.5	2.46612
13581	2.43809
13581.5	2.42333
13582	2.46202
13582.5	2.42367
13583	2.35707
13583.5	2.39855
13584	2.32421
13584.5	2.30387
13585	2.28328
13585.5	2.27431
13586	2.26247
13586.5	2.3039
13587	2.29391
13587.5	2.33696
13588	2.32302
13588.5	2.25267
13589	2.24918
13589.5	2.28198
13590	2.23722
13590.5	2.24005
13591	2.27096
13591.5	2.26242
13592	2.283
13592.5	2.27401
13593	2.2567
13593.5	2.276
13594	2.276
13594.5	2.22364
13595	2.22231
13595.5	2.21151
13596	2.20044
13596.5	2.2158
13597	2.22795
13597.5	2.20495
13598	2.21724
13598.5	2.20553
13599	2.21579
13599.5	2.20569
13600	2.22094
13600.5	2.24996
13601	2.20937
13601.5	2.23267
13602	2.23608
13602.5	2.23744
13603	2.24746
13603.5	2.25389
13604	2.24044
13604.5	2.26079
13605	2.27765
13605.5	2.28346
13606	2.30497
13606.5	2.29901
13607	2.3037
13607.5	2.30985
13608	2.29336
13608.5	2.27997
13609	2.27947
13609.5	2.30199
13610	2.29501
13610.5	2.25851
13611	2.29297
13611.5	2.296
13612	2.28302
13612.5	2.27488
13613	2.28245
13613.5	2.29898
13614	2.26698
13614.5	2.28398
13615	2.23924
13615.5	2.25092
13616	2.28598
13616.5	2.24488
13617	2.26146
13617.5	2.24654
13618	2.24684
13618.5	2.25438
13619	2.25227
13619.5	2.24122
13620	2.24512
13620.5	2.25093
13621	2.27081
13621.5	2.27459
13622	2.26386
13622.5	2.27396
13623	2.28686
13623.5	2.29035
13624	2.28998
13624.5	2.28152
13625	2.28178
13625.5	2.29879
13626	2.29745
13626.5	2.28507
13627	2.28219
13627.5	2.28026
13628	2.29477
13628.5	2.31459
13629	2.32028
13629.5	2.30876
13630	2.30897
13630.5	2.32798
13631	2.34419
13631.5	2.35391
13632	2.35354
13632.5	2.32421
13633	2.28473
13633.5	2.27897
13634	2.29929
13634.5	2.31112
13635	2.33048
13635.5	2.32174
13636	2.34677
13636.5	2.42192
13637	2.41201
13637.5	2.39003
13638	2.35711
13638.5	2.32177
13639	2.30462
13639.5	2.31829
13640	2.30196
13640.5	2.32704
13641	2.32812
13641.5	2.31179
13642	2.32486
13642.5	2.30853
13643	2.31642
13643.5	2.31257
13644	2.34996
13644.5	2.37097
13645	2.29693
13645.5	2.30041
13646	2.31687
13646.5	2.30816
13647	2.30358
13647.5	2.30934
13648	2.3114
13648.5	2.31784
13649	2.32302
13649.5	2.31369
13650	2.33929
13650.5	2.35159
13651	2.35558
13651.5	2.31654
13652	2.31899
13652.5	2.28818
13653	2.28545
13653.5	2.30056
13654	2.29543
13654.5	2.32897
13655	2.28931
13655.5	2.29578
13656	2.26148
13656.5	2.27154
13657	2.2668
13657.5	2.24855
13658	2.33532
13658.5	2.35892
13659	2.35148
13659.5	2.39375
13660	2.36402
13660.5	2.38653
13661	2.31843
13661.5	2.25407
13662	2.27497
13662.5	2.39384
13663	2.42496
13663.5	2.28419
13664	2.22403
13664.5	2.22348
13665	2.29191
13665.5	2.28002
13666	2.24366
13666.5	2.23688
13667	2.28995
13667.5	2.26303
13668	2.23035
13668.5	2.21218
13669	2.22219
13669.5	2.22568
13670	2.20634
13670.5	2.21098
13671	2.21416
13671.5	2.2361
13672	2.24003
13672.5	2.22588
13673	2.24153
13673.5	2.23174
13674	2.21702
13674.5	2.20528
13675	2.21791
13675.5	2.23664
13676	2.26696
13676.5	2.265
13677	2.21677
13677.5	2.2033
13678	2.19163
13678.5	2.1891
13679	2.20233
13679.5	2.19761
13680	2.19424
13680.5	2.19992
13681	2.19094
13681.5	2.2639
13682	2.35788
13682.5	2.37997
13683	2.37201
13683.5	2.373
13684	2.39297
13684.5	2.39581
13685	2.33226
13685.5	2.25326
13686	2.24315
13686.5	2.22494
13687	2.20853
13687.5	2.19778
13688	2.19612
13688.5	2.19656
13689	2.19318
13689.5	2.19037
13690	2.19665
13690.5	2.20001
13691	2.19735
13691.5	2.2059
13692	2.2191
13692.5	2.22005
13693	2.21403
13693.5	2.234
13694	2.23799
13694.5	2.22773
13695	2.24101
13695.5	2.27497
13696	2.28898
13696.5	2.27602
13697	2.25001
13697.5	2.25604
13698	2.25152
13698.5	2.28397
13699	2.29499
13699.5	2.27103
13700	2.27999
13700.5	2.28
13701	2.28699
13701.5	2.29599
13702	2.27003
13702.5	2.23182
13703	2.22794
13703.5	2.26697
13704	2.23047
13704.5	2.23111
13705	2.26597
13705.5	2.266
13706	2.264
13706.5	2.24342
13707	2.24392
13707.5	2.27298
13708	2.27699
13708.5	2.65
13709	2.65
13709.5	2.65
13710	2.65
13710.5	2.65
13711	2.65
13711.5	2.65
13712	2.65
13712.5	2.37151
13713	2.36601
13713.5	2.65
13714	2.3864
13714.5	2.40997
13715	2.51187
13715.5	2.29529
13716	2.3739
13716.5	2.29211
13717	2.18314
13717.5	2.15903
13718	2.16399
13718.5	2.26587
13719	2.41181
13719.5	2.38603
13720	2.45291
13720.5	2.53789
13721	2.45711
13721.5	2.56985
13722	2.569
13722.5	2.54004
13723	2.55098
13723.5	2.53103
13724	2.49605
13724.5	2.49101
13725	2.53594
13725.5	2.52202
13726	2.48006
13726.5	2.38213
13727	2.65
13727.5	2.65
13728	2.65
13728.5	2.65
13729	2.65
13729.5	2.65
13730	2.65
13730.5	2.65
13731	2.65
13731.5	2.65
13732	2.47252
13732.5	2.58385
13733	2.61796
13733.5	2.65
13734	2.65
13734.5	2.65
13735	2.65
13735.5	2.65
13736	2.65
13736.5	2.35782
13737	2.34302
13737.5	2.345
13738	2.30605
13738.5	2.29402
13739	2.30299
13739.5	2.29701
13740	2.38389
13740.5	2.45191
13741	2.65
13741.5	2.65
13742	2.65
13742.5	2.65
13743	2.48665
13743.5	2.50897
13744	2.49801
13744.5	2.46504
13745	2.43204
13745.5	2.43
13746	2.45696
13746.5	2.49295
13747	2.50998
13747.5	2.513
13748	2.52798
13748.5	2.51002
13749	2.53397
13749.5	2.58893
13750	2.57901
13750.5	2.56702
13751	2.57099
13751.5	2.54404
13752	2.54799
13752.5	2.55998
13753	2.55001
13753.5	2.53502
13754	2.55298
13754.5	2.56698
13755	2.566
13755.5	2.55202
13756	2.55
13756.5	2.548
13757	2.51404
13757.5	2.44409
13758	2.44899
13758.5	2.59581
13759	2.65
13759.5	2.65
13760	2.65
13760.5	2.65
13761	2.53729
13761.5	2.52402
13762	2.50602
13762.5	2.52298
13763	2.52699
13763.5	2.49204
13764	2.46404
13764.5	2.48098
13765	2.51795
13765.5	2.516
13766	2.56806
13766.5	2.57899
13767	2.61296
13767.5	2.58204
13768	2.48513
13768.5	2.45004
13769	2.44401
13769.5	2.40106
13770	2.48489
13770.5	2.45704
13771	2.459
13771.5	2.37798
13772	2.65
13772.5	2.65
13773	2.65
13773.5	2.65
13774	2.65
13774.5	2.60683
13775	2.57604
13775.5	2.55503
13776	2.44914
13776.5	2.446
13777	2.42303
13777.5	2.46694
13778	2.47499
13778.5	2.42507
13779	2.42101
13779.5	2.42999
13780	2.41767
13780.5	2.48091
13781	2.36802
13781.5	2.40095
13782	2.41385
13782.5	2.38203
13783	2.39698
13783.5	2.38457
13784	2.40798
13784.5	2.35807
13785	2.48983
13785.5	2.59686
13786	2.595
13786.5	2.60199
13787	2.50213
13787.5	2.5281
13788	2.50402
13788.5	2.52041
13789	2.51549
13789.5	2.54296
13790	2.53801
13790.5	2.55797
13791	2.53203
13791.5	2.532
13792	2.54898
13792.5	2.55799
13793	2.54322
13793.5	2.5438
13794	2.52003
13794.5	2.53298
13795	2.65
13795.5	2.60325
13796	2.55107
13796.5	2.50806
13797	2.52498
13797.5	2.523
13798	2.53498
13798.5	2.52302
13799	2.55895
13799.5	2.55101
13800	2.52703
13800.5	2.56495
13801	2.55701
13801.5	2.53403
13802	2.57595
13802.5	2.52748
13803	2.55896
13803.5	2.56
13804	2.54602
13804.5	2.55099
13805	2.54001
13805.5	2.59093
13806	2.58501
13806.5	2.57202
13807	2.64191
13807.5	2.65
13808	2.57612
13808.5	2.60396
13809	2.65
13809.5	2.65
13810	2.52119
13810.5	2.51601
13811	2.55894
13811.5	2.54102
13812	2.50205
13812.5	2.48502
13813	2.49099
13813.5	2.49799
13814	2.52696
13814.5	2.524
13815	2.56894
13815.5	2.53105
13816	2.51902
13816.5	2.51201
13817	2.50401
13817.5	2.52297
13818	2.51002
13818.5	2.53896
13819	2.52102
13819.5	2.51601
13820	2.55095
13820.5	2.55799
13821	2.54102
13821.5	2.52202
13822	2.46408
13822.5	2.45002
13823	2.38009
13823.5	2.36102
13824	2.41493
13824.5	2.412
13825	2.42099
