Depth (ft)	Density (g/cc)	t_compressional (micros/ft)	t_shear (micros/ft)
5000	2.4061	77.2805	114.8416
5000.5	2.3836	78.1448	114.1503
5001	2.2382	72.3262	104.872
5001.5	2.0972	69.1538	101.2285
5002	2.52	67.9961	104.3231
5002.5	2.6518	62.7413	101.9217
5003	2.5788	62.1229	99.0215
5003.5	2.5231	62.385	97.6386
5004	2.504	62.9182	96.8713
5004.5	2.499	63.4273	99.6877
5005	2.4691	62.6754	99.6293
5005.5	2.4888	62.2703	100.3023
5006	2.4854	58.8931	92.4587
5006.5	2.4962	60.7253	93.6886
5007	2.506	61.0078	92.0443
5007.5	2.5017	67.4958	101.6814
5008	2.5452	69.5302	103.1684
5008.5	2.3848	70.247	114.6017
5009	2.1616	79.9493	124.6497
5009.5	2.3299	80.6318	127.3265
5010	2.4998	81.3142	129.9924
5010.5	2.5971	65.3225	120.3911
5011	2.0762	66.2227	112.1107
5011.5	2.3733	67.0972	114.7895
5012	2.4484	68.4042	117.409
5012.5	2.4394	68.007	112.7455
5013	2.4505	67.8567	113.1133
5013.5	2.4644	68.7551	110.7058
5014	2.4451	67.9571	109.7536
5014.5	2.4547	67.764	108.8059
5015	2.4683	67.3248	107.6507
5015.5	2.4695	66.0768	106.1644
5016	2.56	65.7761	105.1222
5016.5	2.4974	66.3104	101.532
5017	2.5014	66.0705	104.3604
5017.5	2.4899	66.1341	100.9583
5018	2.4831	65.5798	104.302
5018.5	2.5115	66.4313	101.9783
5019	2.5072	66.145	102.5685
5019.5	2.5035	67.1184	104.2675
5020	2.4951	67.3563	102.9502
5020.5	2.4818	67.8207	106.222
5021	2.5105	68.5671	108.9622
5021.5	2.4874	69.1478	107.0756
5022	2.4713	68.5888	108.8342
5022.5	2.4853	68.1801	106.748
5023	2.4925	68.1	106.543
5023.5	2.496	67.9692	106.2876
5024	2.4907	67.5107	104.8763
5024.5	2.5107	67.6567	104.8337
5025	2.4886	67.5308	104.277
5025.5	2.4886	67.4451	104.8374
5026	2.4766	67.2556	104.8685
5026.5	2.5013	66.3126	101.9507
5027	2.5251	66.0456	100.3006
5027.5	2.5234	64.0448	98.015
5028	2.5405	63.2262	100.0519
5028.5	2.5278	63.1766	98.8062
5029	2.5166	61.8566	94.4908
5029.5	2.373	58.8558	92.2762
5030	2.5294	54.2692	89.2933
5030.5	2.53	54.0595	91.224
5031	2.5416	72.3629	125.3093
5031.5	2.396	69.9566	103.0752
5032	2.399	69.1414	108.6394
5032.5	2.6822	67.3976	101.6154
5033	2.5774	67.2229	101.0833
5033.5	2.5143	65.3974	101.4375
5034	2.4926	65.7097	104.4869
5034.5	2.5066	66.1308	103.243
5035	2.5241	66.5668	104.5811
5035.5	2.5104	65.9775	103.2463
5036	2.5416	65.4238	103.0124
5036.5	2.5496	66.427	101.2569
5037	2.5176	65.207	102.222
5037.5	2.5245	64.7851	103.7705
5038	2.553	67.6966	107.1999
5038.5	2.5693	67.3388	111.9034
5039	2.5962	69.3387	116.6189
5039.5	2.5932	69.5919	115.3627
5040	2.5675	71.9564	121.4885
5040.5	2.5991	72.1656	125.0023
5041	2.5865	72.4953	126.7674
5041.5	2.6112	71.2083	122.7167
5042	2.5473	69.8313	119.3973
5042.5	2.5816	67.393	110.0982
5043	2.5952	67.0492	107.5513
5043.5	2.5086	64.3207	102.838
5044	2.5408	65.1944	104.0634
5044.5	2.5223	65.2664	102.4783
5045	2.516	65.6634	104.2926
5045.5	2.5243	65.9863	104.928
5046	2.5499	65.8677	104.7334
5046.5	2.5371	65.1437	103.9387
5047	2.5268	64.4945	99.0292
5047.5	2.5726	63.9599	99.6418
5048	2.5611	63.9061	97.4891
5048.5	2.5613	63.5993	98.9386
5049	2.5395	62.6793	100.6082
5049.5	2.5399	65.1163	105.9602
5050	2.5736	65.7761	109.0694
5050.5	2.5977	66.7096	113.025
5051	2.5755	65.1279	113.3883
5051.5	2.5346	62.8678	112.0897
5052	2.583	63.0832	110.6858
5052.5	2.5997	62.748	110.2092
5053	2.589	63.7343	106.9607
5053.5	2.5601	72.5239	115.2941
5054	2.5944	76.7567	121.3591
5054.5	2.6329	82.2113	129.9281
5055	2.5616	84.7684	138.4972
5055.5	2.5163	86.6848	168.1941
5056	2.6277	86.7176	166.9167
5056.5	2.5791	86.5671	167.7671
5057	2.6321	88.573	167.3119
5057.5	2.6176	89.0705	171.6084
5058	2.5124	89.8301	176.6665
5058.5	2.5666	90.0234	177.605
5059	2.6363	89.448	173.2622
5059.5	2.6	87.5951	167.8857
5060	2.5737	85.017	161.0775
5060.5	2.5753	80.2463	149.9863
5061	2.5893	78.865	145.2771
5061.5	2.5159	78.9637	146.0428
5062	2.7166	80.9402	150.1714
5062.5	2.7275	82.7872	154.1103
5063	2.5647	89.2803	166.652
5063.5	2.5903	90.9482	170.3489
5064	2.5447	91.6634	172.2889
5064.5	2.6367	91.5618	171.9905
5065	2.5987	90.0149	170.8327
5065.5	2.5426	87.9531	168.9947
5066	2.5862	88.4165	171.6822
5066.5	2.5858	88.25	167.8834
5067	2.6215	90.6336	168.8442
5067.5	2.6329	90.9481	165.8086
5068	2.544	93.9394	167.5184
5068.5	2.4189	95.9757	167.3146
5069	2.5587	95.9782	163.502
5069.5	2.5814	96.7148	160.927
5070	2.4714	98.3515	162.2227
5070.5	2.4684	97.2641	159.0451
5071	2.5606	93.9459	152.4463
5071.5	2.5806	96.5494	155.477
5072	2.5376	66.717	103.5155
5072.5	2.5657	66.595	104.9771
5073	2.7169	65.8364	105.8135
5073.5	2.7124	65.3905	107.7975
5074	2.7366	79.3585	131.795
5074.5	2.6271	80.7012	135.7771
5075	2.5939	86.8529	147.2605
5075.5	2.5454	88.4544	152.9665
5076	2.5363	89.0752	155.595
5076.5	2.5209	89.1816	158.7859
5077	2.6032	88.6195	154.0658
5077.5	2.5856	87.5615	148.9258
5078	2.6268	87.1517	144.391
5078.5	2.5944	87.3306	140.9437
5079	2.566	86.6381	141.9566
5079.5	2.5941	86.7372	144.2338
5080	2.5785	86.106	142.0503
5080.5	2.5736	86.5653	142.3977
5081	2.6225	87.6679	143.136
5081.5	2.6031	88.0461	142.3173
5082	2.6016	88.2826	144.6935
5082.5	2.5797	89.2605	149.3478
5083	2.577	88.8267	147.7529
5083.5	2.5886	89.6215	150.6423
5084	2.5855	90.9413	154.4348
5084.5	2.5805	89.7824	154.5974
5085	2.5637	93.1255	161.9592
5085.5	2.5546	93.7607	164.7975
5086	2.5657	93.8828	166.4564
5086.5	2.5803	93.4944	163.1121
5087	2.6001	93.362	162.5188
5087.5	2.5744	94.5295	162.9188
5088	2.5056	94.9126	163.2802
5088.5	2.5564	93.6768	163.3935
5089	2.5427	94.6461	164.759
5089.5	2.5496	94.2312	164.8013
5090	2.5859	94.8343	166.7597
5090.5	2.5674	94.9323	167.5559
5091	2.5702	94.6682	168.8314
5091.5	2.5654	95.2993	170.3257
5092	2.5383	96.4905	167.0198
5092.5	2.4983	95.301	166.0499
5093	2.5472	94.1262	165.8424
5093.5	2.5488	93.6161	165.1721
5094	2.5072	94.4289	166.156
5094.5	2.6036	94.7093	163.3006
5095	2.5655	94.6983	165.3031
5095.5	2.533	95.6646	167.3057
5096	2.5196	95.4704	161.8341
5096.5	2.5382	95.572	164.6709
5097	2.5181	95.1182	165.4931
5097.5	2.5474	94.9689	167.4374
5098	2.5745	95.2652	166.6562
5098.5	2.5471	93.8519	164.4143
5099	2.5876	94.2794	162.9267
5099.5	2.5416	95.103	166.4783
5100	2.5436	94.8195	164.107
5100.5	2.5516	95.5201	164.5369
5101	2.5393	95.7297	163.8627
5101.5	2.5505	95.7289	166.498
5102	2.562	95.8711	168.0198
5102.5	2.4904	95.332	166.7206
5103	2.553	95.688	165.41
5103.5	2.5659	95.3667	164.9924
5104	2.5455	94.9661	165.7667
5104.5	2.5489	96.3498	165.3837
5105	2.5456	96.3875	163.6159
5105.5	2.53	96.5801	165.5758
5106	2.509	95.3939	167.0657
5106.5	2.5086	94.3867	161.6349
5107	2.5194	95.195	162.963
5107.5	2.541	94.7131	166.8403
5108	2.5432	94.2284	162.9178
5108.5	2.5749	93.9794	162.4608
5109	2.5702	92.7196	161.7342
5109.5	2.5729	92.3112	160.5116
5110	2.5343	91.2079	157.513
5110.5	2.6259	91.3648	157.1669
5111	2.5889	90.2891	156.1203
5111.5	2.563	90.2293	153.9785
5112	2.5439	90.3914	154.4669
5112.5	2.5717	89.4622	154.0999
5113	2.5809	89.5283	151.9923
5113.5	2.5848	89.9648	153.6582
5114	2.5605	90.4122	155.4703
5114.5	2.6077	90.6867	155.963
5115	2.5856	90.7608	156.6938
5115.5	2.5821	91.0772	157.3378
5116	2.5549	90.1067	155.2548
5116.5	2.5999	90.5671	156.8894
5117	2.5897	89.6795	155.0103
5117.5	2.558	88.5735	153.4388
5118	2.5697	70.1142	197.931
5118.5	2.6244	73.368	190.8738
5119	2.5829	74.6804	211.5911
5119.5	2.5775	77.0577	201.8549
5120	2.4749	76.4228	185.2123
5120.5	2.5919	75.5134	183.7306
5121	2.5165	74.0066	182.2489
5121.5	2.535	72.3434	199.0093
5122	2.571	71.5966	217.4849
5122.5	2.6213	70.4934	201.4709
5123	2.5221	72.2526	211.7664
5123.5	2.4899	73.6205	205.6454
5124	2.5551	73.7436	201.3676
5124.5	2.5047	73.5426	201.7469
5125	2.5009	74.7917	190.1402
5125.5	2.5025	74.2789	206.6456
5126	2.5381	74.6966	190.5241
5126.5	2.5155	75.0364	195.6274
5127	2.4734	75.5757	188.4308
5127.5	2.4578	75.3631	184.1604
5128	2.5603	74.9393	188.3647
5128.5	2.5394	76.0821	201.5013
5129	2.5548	72.6029	205.3385
5129.5	2.5421	95.8548	171.7617
5130	2.5231	95.5456	185.6715
5130.5	2.6116	96.1289	179.2982
5131	2.4132	95.095	158.2236
5131.5	2.5205	94.9209	153.4999
5132	2.5828	94.7581	161.0179
5132.5	2.5546	93.5354	148.9315
5133	2.5399	92.9137	144.6574
5133.5	2.5271	92.9705	151.2855
5134	2.5798	94.0348	153.3592
5134.5	2.5497	94.2247	159.0602
5135	2.5892	95.4247	163.7339
5135.5	2.5901	95.8525	173.7077
5136	2.5102	97.8345	160.6494
5136.5	2.5382	96.8006	147.1501
5137	2.5066	95.8956	160.9744
5137.5	2.4827	93.2888	152.6489
5138	2.5717	91.3588	145.8297
5138.5	2.5277	89.9505	142.2591
5139	2.627	88.9698	137.358
5139.5	2.6206	87.0846	152.7454
5140	2.5889	88.9735	150.2009
5140.5	2.5825	90.3987	218.1055
5141	2.5808	91.1729	223.4171
5141.5	2.5589	91.1429	202.0746
5142	2.5812	91.4242	169.5611
5142.5	2.6179	91.6245	162.5091
5143	2.5879	92.6631	141.5148
5143.5	2.5464	92.9341	146.1186
5144	2.5864	93.5569	133.6927
5144.5	2.5514	95.0357	161.6665
5145	2.5443	93.3907	180.6569
5145.5	2.553	88.3624	180.4906
5146	2.5292	88.5022	161.9839
5146.5	2.531	88.2303	149.5073
5147	2.6513	87.9007	140.6635
5147.5	2.7048	87.0669	148.4623
5148	2.636	87.4384	144.7679
5148.5	2.6151	87.1098	170.2473
5149	2.5779	84.768	154.5422
5149.5	2.5546	80.024	164.2613
5150	2.5579	76.9404	126.8241
5150.5	2.5875	75.5189	136.9965
5151	2.6669	75.8414	147.4728
5151.5	2.7151	77.107	138.439
5152	2.706	79.4551	146.8852
5152.5	2.6447	80.1275	149.2832
5153	2.6148	81.2965	150.6351
5153.5	2.5875	80.5027	147.945
5154	2.5951	78.5752	144.0707
5154.5	2.5902	77.2861	140.7652
5155	2.6041	76.0955	137.2919
5155.5	2.6386	77.4382	140.3579
5156	2.6094	78.747	144.5538
5156.5	2.6651	80.6816	161.5568
5157	2.6062	85.4373	167.6667
5157.5	2.5573	86.5411	168.1368
5158	2.5486	85.7742	165.6502
5158.5	2.5536	81.8145	152.6432
5159	2.5457	76.9972	141.708
5159.5	2.5404	74.6405	138.0475
5160	2.5969	73.918	134.3668
5160.5	2.7472	72.9881	134.6025
5161	2.6879	70.6541	131.017
5161.5	2.6363	70.3154	126.5105
5162	2.6322	68.2713	125.3421
5162.5	2.609	64.2715	118.7308
5163	2.7408	57.9452	112.7404
5163.5	2.5913	54.2315	106.4179
5164	2.7339	49.3006	101.1393
5164.5	2.7363	48.6093	98.2395
5165	2.7862	46.7769	98.5376
5165.5	2.7409	47.6919	95.0032
5166	2.721	47.0965	92.3078
5166.5	2.7204	47.2167	95.9393
5167	2.7264	46.825	96.0021
5167.5	2.7233	47.4132	94.2504
5168	2.7221	48.2833	94.1394
5168.5	2.7153	47.7699	95.3368
5169	2.7395	48.9384	93.4016
5169.5	2.7152	48.285	95.4636
5170	2.7017	47.7034	95.4235
5170.5	2.719	48.0457	95.4569
5171	2.741	46.9166	96.1159
5171.5	2.7449	47.922	95.4005
5172	2.7414	47.2301	92.7556
5172.5	2.7439	46.51	91.522
5173	2.7296	48.0898	96.5166
5173.5	2.7105	48.2245	92.3006
5174	2.7048	47.6765	93.6822
5174.5	2.7131	47.7427	95.0309
5175	2.7286	47.6778	91.9488
5175.5	2.7236	47.6791	90.7416
5176	2.7421	47.8978	91.3012
5176.5	2.7266	47.6142	90.2785
5177	2.7258	47.9466	92.4377
5177.5	2.7394	48.0139	92.2942
5178	2.7424	48.0471	92.009
5178.5	2.7238	48.1972	91.9515
5179	2.7284	48.6677	92.7819
5179.5	2.7459	49.199	92.4094
5180	2.7601	49.9563	91.3747
5180.5	2.7495	50.3241	90.3415
5181	2.734	50.2985	90.6047
5181.5	2.717	49.9434	80.572
5182	2.7143	50.2413	77.6741
5182.5	2.7242	51.4867	84.0541
5183	2.7548	53.3714	86.2028
5183.5	2.7286	54.5784	77.5217
5184	2.7325	55.7984	79.4915
5184.5	2.6976	56.35	91.7155
5185	2.6745	56.5483	101.7294
5185.5	2.6493	56.8182	97.4027
5186	2.6679	56.6912	91.1808
5186.5	2.6613	56.7645	85.5719
5187	2.6766	56.6662	82.2847
5187.5	2.6891	56.8599	95.1487
5188	2.6378	56.2658	90.7431
5188.5	2.6637	55.9254	89.4228
5189	2.6944	55.9845	94.2953
5189.5	2.6812	56.4431	93.2715
5190	2.6454	57.6237	93.1992
5190.5	2.6689	58.9883	100.7324
5191	2.7322	58.3812	101.7834
5191.5	2.6751	58.6779	101.2595
5192	2.6422	58.591	103.6831
5192.5	2.6506	58.2262	102.4295
5193	2.6365	58.5895	101.4578
5193.5	2.6758	59.6366	100.8317
5194	2.6691	59.9486	100.2125
5194.5	2.6315	60.3448	102.5632
5195	2.6414	60.9062	104.5392
5195.5	2.6821	62.2225	112.9029
5196	2.6815	62.8863	114.191
5196.5	2.679	62.3936	115.075
5197	2.6435	62.5492	120.7822
5197.5	2.6407	62.9322	119.749
5198	2.6388	61.2644	116.5308
5198.5	2.6285	61.8324	114.6294
5199	2.6454	62.1287	112.3294
5199.5	2.635	63.0583	109.8946
5200	2.6255	63.4103	111.2762
5200.5	2.6562	63.4815	112.3997
5201	2.6559	65.4329	114.1931
5201.5	2.6362	66.2282	117.3162
5202	2.6319	67.3861	119.81
5202.5	2.653	67.309	123.6433
5203	2.6554	67.736	123.1593
5203.5	2.6452	67.9014	124.4314
5204	2.6342	67.5648	123.909
5204.5	2.6214	67.8255	122.9773
5205	2.6229	68.0255	123.3559
5205.5	2.6595	68.7953	123.3025
5206	2.6509	69.6793	128.4953
5206.5	2.6351	71.5459	127.8917
5207	2.6183	71.7938	130.8823
5207.5	2.632	72.1751	132.7527
5208	2.6141	72.5074	135.1453
5208.5	2.5969	72.0726	129.483
5209	2.6174	70.5895	127.5551
5209.5	2.6139	67.7911	118.4005
5210	2.6222	64.0538	114.4015
5210.5	2.635	62.1594	110.9574
5211	2.6512	59.8998	109.8966
5211.5	2.6786	60.261	108.8886
5212	2.7395	60.1647	106.9202
5212.5	2.6481	59.5296	104.9808
5213	2.6511	58.9552	103.1479
5213.5	2.6463	54.1836	101.2563
5214	2.6434	52.5473	97.1141
5214.5	2.6994	49.8672	94.2126
5215	2.7617	47.9991	92.0502
5215.5	2.7368	48.1979	92.4606
5216	2.7535	47.8861	91.6396
5216.5	2.7338	49.3355	94.1792
5217	2.7184	54.5202	103.7042
5217.5	2.7375	56.2219	112.9535
5218	2.7341	64.2511	118.8278
5218.5	2.7489	69.8018	126.1051
5219	2.6729	72.1526	129.7677
5219.5	2.5795	72.2076	127.0824
5220	2.537	70.0163	127.9483
5220.5	2.5005	68.3339	118.3877
5221	2.6573	67.1354	115.0368
5221.5	2.6453	64.845	114.9465
5222	2.5889	63.1215	109.5315
5222.5	2.5641	59.4022	106.1727
5223	2.6063	57.6327	104.7824
5223.5	2.6642	56.5717	101.8558
5224	2.6938	54.0795	95.9233
5224.5	2.7223	54.4215	96.0451
5225	2.735	55.9615	97.1171
5225.5	2.7129	56.9645	100.2219
5226	2.6265	58.4863	98.1217
5226.5	2.6345	58.3798	97.0552
5227	2.6313	56.6646	97.5154
5227.5	2.6562	56.2246	99.5872
5228	2.6145	55.5045	101.0819
5228.5	2.6444	55.3509	103.2447
5229	2.6767	55.8812	102.238
5229.5	2.7292	56.3316	98.7784
5230	2.7152	56.4828	99.051
5230.5	2.6512	58.4999	101.8086
5231	2.6437	60.0845	116.9322
5231.5	2.6436	60.2744	124.7962
5232	2.6534	60.9151	113.3516
5232.5	2.6471	61.339	116.952
5233	2.6402	62.4126	116.0051
5233.5	2.644	63.1711	115.6393
5234	2.642	63.5737	121.2839
5234.5	2.6397	63.1987	116.3457
5235	2.6105	64.5525	115.3986
5235.5	2.6299	65.1897	120.2204
5236	2.6168	65.6085	120.7211
5236.5	2.644	65.983	115.9608
5237	2.6666	66.1516	116.1002
5237.5	2.6385	67.0631	123.4825
5238	2.6218	66.6866	119.5792
5238.5	2.6247	65.9399	113.6285
5239	2.624	66.2166	115.2127
5239.5	2.6243	65.908	112.0625
5240	2.6033	67.1293	108.9427
5240.5	2.6085	66.8569	112.0438
5241	2.6307	68.0793	113.2542
5241.5	2.63	67.8499	111.5934
5242	2.6272	68.2098	110.5417
5242.5	2.636	68.077	101.2731
5243	2.6324	68.04	111.1887
5243.5	2.6072	68.4148	115.2205
5244	2.6096	68.5633	111.3116
5244.5	2.6125	69.1111	118.5736
5245	2.6015	69.7011	121.7635
5245.5	2.606	70.046	145.2671
5246	2.5999	70.0483	150.6452
5246.5	2.586	70.0693	150.6452
5247	2.6152	70.0345	143.2097
5247.5	2.6063	69.9688	126.3121
5248	2.6243	70.1842	124.3129
5248.5	2.6231	69.9759	121.2739
5249	2.6248	70.1129	122.4828
5249.5	2.6252	71.4783	122.9461
5250	2.6135	71.7937	125.2785
5250.5	2.5827	72.1646	125.8039
5251	2.6027	72.1633	126.1184
5251.5	2.6186	71.9996	128.7871
5252	2.6205	71.7863	128.2004
5252.5	2.6082	71.892	131.3179
5253	2.6279	71.8374	131.3179
5253.5	2.6166	71.8402	132.9321
5254	2.611	72.3836	132.6267
5254.5	2.5976	72.4865	130.0142
5255	2.5955	72.7842	129.5945
5255.5	2.5886	72.9202	132.9716
5256	2.6177	72.8816	131.4023
5256.5	2.5901	72.6639	131.2218
5257	2.5721	71.9434	127.0411
5257.5	2.6009	71.3189	124.0789
5258	2.5923	67.9795	122.8849
5258.5	2.595	65.8722	116.0095
5259	2.6188	63.6673	112.2448
5259.5	2.6054	60.7321	112.5746
5260	2.6103	58.179	105.9219
5260.5	2.6312	56.448	96.4271
5261	2.6642	55.1671	92.8518
5261.5	2.7234	54.0926	93.8302
5262	2.7262	54.8011	93.3445
5262.5	2.6461	55.6421	91.8497
5263	2.6378	56.2828	90.7374
5263.5	2.6496	57.7668	97.2439
5264	2.6681	58.514	100.6003
5264.5	2.6522	58.8157	96.759
5265	2.633	59.5449	101.5898
5265.5	2.6216	59.3279	100.8434
5266	2.6225	59.9775	100.0975
5266.5	2.6346	59.9761	99.9682
5267	2.6328	59.1095	98.0229
5267.5	2.64	58.2408	96.6746
5268	2.5804	57.8396	103.2067
5268.5	2.63	59.1266	107.7531
5269	2.6242	61.3458	115.5114
5269.5	2.7265	63.6352	118.2708
5270	2.6731	65.7535	122.518
5270.5	2.6242	67.7144	121.5748
5271	2.6329	67.0669	118.5642
5271.5	2.6321	64.1366	117.6584
5272	2.6341	62.1099	113.4849
5272.5	2.6297	61.3847	112.8548
5273	2.6387	62.3143	111.5389
5273.5	2.7273	64.2225	111.6536
5274	2.7003	65.8646	113.3819
5274.5	2.6115	68.4385	114.3161
5275	2.6089	68.7745	119.0208
5275.5	2.6035	67.5095	120.3392
5276	2.6064	65.7249	119.6026
5276.5	2.582	63.7478	113.004
5277	2.5867	62.5745	113.486
5277.5	2.5837	62.9193	113.4384
5278	2.5959	62.179	110.6706
5278.5	2.6406	64.1035	107.3615
5279	2.6484	65.2446	109.1034
5279.5	2.6118	66.7362	111.8719
5280	2.6261	68.6444	112.5593
5280.5	2.5844	67.3215	112.367
5281	2.5951	66.5523	111.9736
5281.5	2.5974	64.8702	107.6441
5282	2.5777	59.5775	95.8828
5282.5	2.5606	57.0456	95.0925
5283	2.6412	55.1871	93.0527
5283.5	2.702	53.7816	93.6994
5284	2.6857	53.762	86.8867
5284.5	2.6276	55.1262	88.1569
5285	2.645	54.4612	91.7235
5285.5	2.6511	54.3124	90.0884
5286	2.6369	53.9182	88.3181
5286.5	2.6721	54.1402	89.2835
5287	2.6752	55.2618	91.3558
5287.5	2.6218	57.695	144.4198
5288	2.6265	59.5695	127.5653
5288.5	2.6294	60.5059	112.2707
5289	2.6894	63.6016	116.3659
5289.5	2.6452	64.4557	125.5082
5290	2.622	64.5328	128.6028
5290.5	2.5893	65.1659	98.631
5291	2.61	65.4158	99.1624
5291.5	2.6102	65.6417	111.7458
5292	2.6294	65.9307	119.1852
5292.5	2.6412	67.0944	124.9871
5293	2.6276	68.1704	124.3632
5293.5	2.6132	69.6685	125.8357
5294	2.6158	70.0246	128.0334
5294.5	2.6295	69.9523	131.0499
5295	2.6071	70.3418	128.1228
5295.5	2.6043	68.6371	126.6188
5296	2.616	65.3659	125.765
5296.5	2.6166	62.7738	112.9288
5297	2.6409	60.0301	110.5915
5297.5	2.6427	56.8339	101.7155
5298	2.7035	56.5426	103.1925
5298.5	2.7192	62.1841	110.3809
5299	2.7355	66.2553	110.0348
5299.5	2.6968	70.8229	111.7148
5300	2.6105	72.2825	112.2541
5300.5	2.5395	71.6002	112.8613
5301	2.5499	68.8712	121.1135
5301.5	2.5633	65.0932	123.1137
5302	2.5932	65.8073	124.9882
5302.5	2.6375	62.7285	128.9845
5303	2.6259	62.3771	131.1137
5303.5	2.6278	62.5137	138.0711
5304	2.5507	60.3817	147.364
5304.5	2.5442	55.3535	146.7156
5305	2.6996	55.7934	146.7156
5305.5	2.7117	54.0028	144.3957
5306	2.697	53.9996	140.1682
5306.5	2.669	54.2427	133.2588
5307	2.6328	54.7154	126.2083
5307.5	2.6381	53.9448	128.4745
5308	2.646	53.7153	96.4229
5308.5	2.6611	52.8523	94.6773
5309	2.6427	52.4354	92.738
5309.5	2.6851	51.7245	91.4536
5310	2.6353	51.1991	93.0264
5310.5	2.6346	51.9846	94.0221
5311	2.7379	50.8721	93.3931
5311.5	2.71	50.7803	97.6009
5312	2.6718	50.9695	94.7759
5312.5	2.6764	50.8878	92.0415
5313	2.7246	50.0037	94.1712
5313.5	2.7225	50.125	95.8702
5314	2.7185	51.1565	94.4896
5314.5	2.7175	51.2193	99.6296
5315	2.7275	51.4669	99.5065
5315.5	2.7367	51.835	105.1902
5316	2.7187	52.3551	97.2687
5316.5	2.7004	52.9514	94.2612
5317	2.7197	53.8642	96.8512
5317.5	2.7255	54.4041	92.9949
5318	2.6384	54.3096	92.9949
5318.5	2.6214	54.1962	91.6047
5319	2.6532	54.1729	97.1004
5319.5	2.6644	54.0153	95.6945
5320	2.6722	53.9723	94.8079
5320.5	2.6787	53.882	92.4818
5321	2.627	53.592	92.5459
5321.5	2.6329	52.8308	94.1936
5322	2.6139	52.6105	93.9054
5322.5	2.628	52.0761	94.9174
5323	2.6453	51.9875	94.0315
5323.5	2.7045	51.8896	92.6095
5324	2.6844	52.6661	102.0201
5324.5	2.6669	55.1297	102.6702
5325	2.6909	55.7742	100.9126
5325.5	2.7315	56.7438	107.8844
5326	2.6909	55.9972	104.2694
5326.5	2.6607	53.487	104.5225
5327	2.5024	52.0748	102.373
5327.5	2.7251	50.1469	99.2535
5328	2.7436	48.5545	95.1848
5328.5	2.7386	48.6377	96.6646
5329	2.7285	48.9484	89.8093
5329.5	2.7322	49.3241	90.7592
5330	2.7401	49.428	91.2798
5330.5	2.7331	48.7469	92.6371
5331	2.7252	48.5085	92.9345
5331.5	2.7106	48.5774	90.5898
5332	2.7138	48.0768	89.8269
5332.5	2.7106	48.1798	91.2072
5333	2.7641	48.1006	92.2402
5333.5	2.7334	48.1084	92.0566
5334	2.7192	48.2051	91.3452
5334.5	2.7137	48.1842	90.516
5335	2.7292	48.0728	92.3992
5335.5	2.7335	48.1242	93.3747
5336	2.7225	48.5014	94.1915
5336.5	2.7269	48.4438	92.4918
5337	2.7341	48.5081	92.2763
5337.5	2.7402	48.1163	92.7246
5338	2.7408	48.4356	92.8061
5338.5	2.7422	49.6047	91.4015
5339	2.7361	50.1869	91.0266
5339.5	2.7283	50.7055	92.4105
5340	2.7225	51.9433	84.5599
5340.5	2.7089	53.4957	80.7869
5341	2.6981	51.9551	159.3488
5341.5	2.7158	50.1817	137.3345
5342	2.7444	49.5172	132.3248
5342.5	2.7359	45.9313	133.099
5343	2.5915	48.0506	139.1536
5343.5	2.2883	45.7448	148.6971
5344	2.6057	47.9083	139.6218
5344.5	2.6971	48.8231	95.3932
5345	2.7054	48.4585	101.3594
5345.5	2.7164	49.8615	97.8863
5346	2.724	50.4186	93.1642
5346.5	2.7213	50.7278	92.2446
5347	2.6728	50.9367	92.3127
5347.5	2.6951	51.0115	92.9829
5348	2.7112	50.9851	93.1543
5348.5	2.71	50.8158	91.5932
5349	2.6949	50.8735	92.098
5349.5	2.6881	50.817	92.098
5350	2.7361	50.5385	93.1757
5350.5	2.709	50.8482	91.8422
5351	2.7114	51.3017	89.9197
5351.5	2.7119	50.7256	91.4169
5352	2.7023	50.9143	92.8223
5352.5	2.6935	50.4066	91.9803
5353	2.6885	50.3185	90.6749
5353.5	2.711	51.0893	92.3044
5354	2.7219	51.2107	92.6473
5354.5	2.7186	50.7321	91.7086
5355	2.7238	50.9274	90.1348
5355.5	2.7058	51.2098	93.4712
5356	2.6849	51.8518	92.9058
5356.5	2.6935	51.2256	91.6244
5357	2.7224	51.2696	93.3893
5357.5	2.6668	51.8344	93.2081
5358	2.7103	51.6828	93.9924
5358.5	2.6794	51.7488	91.4484
5359	2.6624	51.7016	91.3379
5359.5	2.689	51.4771	90.0089
5360	2.6664	51.3759	90.041
5360.5	2.7124	51.118	91.6234
5361	2.6845	50.5601	91.0491
5361.5	2.6867	51.112	89.2384
5362	2.7103	50.948	87.5359
5362.5	2.728	51.2761	87.4341
5363	2.7089	51.3625	87.3228
5363.5	2.7069	51.5891	89.6524
5364	2.6833	51.2847	87.3635
5364.5	2.68	50.9055	86.6847
5365	2.6999	50.4629	86.4739
5365.5	2.6945	51.0045	86.799
5366	2.7073	50.8679	86.7823
5366.5	2.7033	50.9108	91.2438
5367	2.7376	50.8403	91.306
5367.5	2.7073	50.5365	92.2711
5368	2.7021	51.11	87.9839
5368.5	2.7313	51.0921	87.9839
5369	2.732	51.3023	83.6484
5369.5	2.7229	51.9783	79.8893
5370	2.7191	52.5974	75.9233
5370.5	2.6993	53.0183	112.5527
5371	2.6574	53.2884	112.5527
5371.5	2.6489	53.0896	110.8549
5372	2.6417	52.3	103.6727
5372.5	2.6708	51.2195	113.3997
5373	2.6889	53.6161	111.8985
5373.5	2.6876	59.8298	117.6281
5374	2.726	62.4244	121.9815
5374.5	2.7535	64.199	132.0552
5375	2.6926	61.9045	149.0003
5375.5	2.6118	67.0479	142.458
5376	2.5845	65.9603	135.6051
5376.5	2.5755	65.9276	127.907
5377	2.5565	66.3514	136.2595
5377.5	2.5946	65.9058	128.5166
5378	2.5995	66.3401	145.625
5378.5	2.5916	65.5134	138.5756
5379	2.5905	63.6464	153.3415
5379.5	2.5912	63.5377	151.3953
5380	2.6084	64.2923	156.4544
5380.5	2.609	63.9258	156.1475
5381	2.6074	64.8708	157.0473
5381.5	2.591	65.5121	158.7773
5382	2.5838	68.3884	167.5227
5382.5	2.6009	84.5781	179.9131
5383	2.5773	86.3991	147.0871
5383.5	2.56	85.8714	146.8007
5384	2.5421	89.4578	150.5589
5384.5	2.5802	90.3506	151.5526
5385	2.5748	91.8016	149.7272
5385.5	2.5235	91.5504	149.7319
5386	2.4793	92.5806	149.5963
5386.5	2.5534	93.4827	182.3715
5387	2.5906	75.4277	187.6569
5387.5	2.5422	73.6508	181.4849
5388	2.5186	72.5179	173.3403
5388.5	2.5182	70.69	168.833
5389	2.5216	72.0356	170.3922
5389.5	2.5594	73.5447	157.1182
5390	2.5364	74.2229	155.96
5390.5	2.5089	75.4163	155.624
5391	2.5306	73.2461	145.028
5391.5	2.5489	71.8052	170.5824
5392	2.5275	73.6562	168.6604
5392.5	2.5243	81.4409	173.8796
5393	2.5838	86.1105	177.722
5393.5	2.5474	83.5974	167.0017
5394	2.5267	80.8678	158.1842
5394.5	2.599	76.4157	132.7042
5395	2.6002	74.9194	129.259
5395.5	2.6112	72.6897	128.8317
5396	2.5904	73.1095	125.9198
5396.5	2.5884	72.4691	128.0275
5397	2.5967	71.947	127.4908
5397.5	2.6261	71.9042	128.5966
5398	2.6119	72.2041	132.895
5398.5	2.5993	72.7336	129.0268
5399	2.606	73.0022	129.3578
5399.5	2.6042	73.8275	133.3466
5400	2.61	74.8869	140.1938
5400.5	2.603	75.8234	146.1619
5401	2.6121	76.4405	153.7501
5401.5	2.619	77.368	178.9086
5402	2.612	78.5044	225.8731
5402.5	2.6123	78.711	226.0238
5403	2.6046	79.0874	230.4054
5403.5	2.608	79.5166	237.4426
5404	2.6	80.0507	238.5789
5404.5	2.5904	80.6391	241.4301
5405	2.5755	81.3124	242.0342
5405.5	2.5991	81.5475	132.996
5406	2.5922	82.663	114.9887
5406.5	2.5862	83.2617	119.1944
5407	2.5968	84.4042	127.204
5407.5	2.5474	84.7029	248.9905
5408	2.5922	84.8598	238.7867
5408.5	2.5767	85.3136	238.7867
5409	2.5596	85.251	194.127
5409.5	2.6022	86.6284	191.2715
5410	2.5975	87.4669	177.8824
5410.5	2.5942	87.8541	173.8036
5411	2.5703	88.0822	162.7826
5411.5	2.5803	87.7029	168.1365
5412	2.5682	88.1727	161.2065
5412.5	2.5531	88.1512	166.4035
5413	2.5794	89.7693	198.3937
5413.5	2.5901	90.9304	199.7803
5414	2.5519	91.3369	200.7969
5414.5	2.5308	91.6697	205.7896
5415	2.552	90.0202	202.4254
5415.5	2.5139	90.0507	197.5922
5416	2.535	91.0472	201.6626
5416.5	2.5697	90.4943	186.1867
5417	2.5926	84.4214	184.7334
5417.5	2.5793	77.4479	179.3256
5418	2.5438	69.2016	172.4582
5418.5	2.5391	65.9349	151.5427
5419	2.5284	58.3795	137.8275
5419.5	2.5642	57.6356	127.7893
5420	2.7033	62.5456	113.3075
5420.5	2.803	61.8832	113.1363
5421	2.7888	61.4961	113.3643
5421.5	2.6818	60.9179	113.0218
5422	2.5849	62.3113	111.5387
5422.5	2.6753	60.3702	111.4198
5423	2.7267	60.558	115.1731
5423.5	2.7445	63.2526	124.579
5424	2.6963	65.4868	125.2573
5424.5	2.6595	64.2307	121.9493
5425	2.6564	61.4997	115.9945
5425.5	2.458	60.4416	125.8923
5426	2.6121	60.5136	120.6036
5426.5	2.7436	59.6042	125.0871
5427	2.748	59.9538	129.7947
5427.5	2.7272	63.7083	134.3671
5428	2.6641	65.3583	143.7729
5428.5	2.6545	65.769	149.7451
5429	2.6687	65.4738	126.8557
5429.5	2.6508	66.7077	110.0255
5430	2.6542	67.9614	122.2822
5430.5	2.6486	69.3219	116.4138
5431	2.6422	71.4322	123.3546
5431.5	2.6131	70.9385	126.1284
5432	2.5952	71.1152	135.2083
5432.5	2.6252	70.843	139.1874
5433	2.6518	71.753	149.1757
5433.5	2.626	72.1789	149.4743
5434	2.6472	72.8354	145.6362
5434.5	2.6314	73.1403	139.5333
5435	2.6238	73.3705	150.3239
5435.5	2.6361	73.313	125.6541
5436	2.6419	72.9334	127.3828
5436.5	2.6594	62.9326	141.6577
5437	2.6301	63.7629	138.2648
5437.5	2.6338	66.7157	164.4634
5438	2.6168	65.3602	154.6376
5438.5	2.5993	66.7179	302.8941
5439	2.5471	69.4546	297.3261
5439.5	2.62	68.6149	291.249
5440	2.6205	68.2196	292.1178
5440.5	2.5912	67.8809	295.8957
5441	2.6007	68.2843	300.1542
5441.5	2.5831	68.2912	302.4466
5442	2.627	67.3688	304.2452
5442.5	2.5748	67.251	298.9312
5443	2.6244	70.0591	205.2304
5443.5	2.5509	69.8767	205.3962
5444	2.5964	71.3945	205.9821
5444.5	2.6352	70.6915	177.5813
5445	2.568	73.9994	180.7812
5445.5	2.5461	74.9256	187.0724
5446	2.5677	75.7632	203.1258
5446.5	2.5345	74.3923	202.1751
5447	2.5483	73.8192	190.6472
5447.5	2.6398	73.1203	195.0907
5448	2.6299	72.6014	189.4324
5448.5	2.5648	71.5979	190.0063
5449	2.5881	73.0759	187.5228
5449.5	2.5693	66.9338	182.7202
5450	2.5702	67.6707	177.9177
5450.5	2.61	66.6185	171.7278
5451	2.5482	67.2495	172.1843
5451.5	2.4963	67.1572	177.0481
5452	2.5738	66.3504	185.246
5452.5	2.5903	65.5304	200.647
5453	2.6094	65.1075	200.4054
5453.5	2.5237	69.9782	188.5163
5454	2.5782	70.0871	186.2715
5454.5	2.5992	68.5988	163.9901
5455	2.5391	68.5602	171.1815
5455.5	2.5418	67.7613	166.0168
5456	2.4177	73.6536	178.6331
5456.5	2.6431	73.7944	179.0964
5457	2.5929	74.305	190.4104
5457.5	2.5422	74.7679	195.2031
5458	2.5699	77.0321	193.2742
5458.5	2.5894	74.6609	196.8546
5459	2.4385	73.332	178.326
5459.5	2.4925	71.2234	176.9115
5460	2.5375	67.2602	152.4922
5460.5	2.5508	62.0339	126.121
5461	2.5912	57.5968	126.3155
5461.5	2.7351	57.9421	111.4152
5462	2.7028	57.4722	104.5707
5462.5	2.6878	53.4449	101.5131
5463	2.6879	52.2315	99.2503
5463.5	2.6918	51.4404	97.7508
5464	2.722	51.87	91.9336
5464.5	2.729	53.0614	92.2999
5465	2.7401	53.0863	92.9321
5465.5	2.7323	52.8844	91.1406
5466	2.7158	53.6196	91.1077
5466.5	2.7228	52.7865	92.8417
5467	2.706	53.1068	92.1624
5467.5	2.7237	54.7644	93.7524
5468	2.7338	54.1876	94.3594
5468.5	2.7253	55.4597	95.3052
5469	2.7155	54.0097	96.3777
5469.5	2.7183	54.8617	94.4457
5470	2.7137	54.6807	93.6112
5470.5	2.6917	53.2602	94.3211
5471	2.702	57.0611	95.1993
5471.5	2.6848	56.7459	95.6354
5472	2.7046	56.7424	95.2861
5472.5	2.7126	57.9935	95.5891
5473	2.6661	57.0068	96.4154
5473.5	2.6657	56.944	96.4154
5474	2.6866	56.3082	99.7086
5474.5	2.6649	56.2865	97.9767
5475	2.7045	57.185	91.4077
5475.5	2.7155	57.4844	97.3351
5476	2.6667	59.5403	102.4976
5476.5	2.6412	59.8338	100.9357
5477	2.6621	59.9288	102.7604
5477.5	2.6542	60.056	102.7688
5478	2.653	59.659	103.2545
5478.5	2.6767	60.1081	102.8727
5479	2.6798	60.5675	102.2197
5479.5	2.6737	60.9711	110.8791
5480	2.6459	62.6452	112.5772
5480.5	2.6305	64.033	113.2285
5481	2.621	63.867	110.6721
5481.5	2.6123	63.1638	110.0536
5482	2.6232	62.5395	111.2463
5482.5	2.6336	61.5935	113.0223
5483	2.6242	61.2176	111.647
5483.5	2.666	60.7856	109.8839
5484	2.6722	62.0596	110.5698
5484.5	2.6802	63.5629	111.4213
5485	2.6266	65.1789	111.4469
5485.5	2.6132	65.4044	111.1548
5486	2.6386	66.0548	102.652
5486.5	2.6051	65.7135	98.7684
5487	2.6153	65.6764	101.5914
5487.5	2.6549	65.8018	103.3219
5488	2.6595	65.735	110.6995
5488.5	2.6368	67.3576	113.7777
5489	2.6327	68.8173	115.5994
5489.5	2.6445	69.074	127.5464
5490	2.6379	70.0142	153.938
5490.5	2.6291	69.2743	157.7508
5491	2.6337	69.8396	161.5636
5491.5	2.6318	68.135	168.8307
5492	2.6256	67.9581	190.2
5492.5	2.6034	67.3796	180.4809
5493	2.6411	68.5129	174.987
5493.5	2.6413	69.7783	169.8538
5494	2.6725	73.6168	170.77
5494.5	2.6467	74.6759	163.575
5495	2.6113	79.05	157.6303
5495.5	2.5629	79.1641	160.2545
5496	2.5957	78.5598	160.3832
5496.5	2.5902	79.7266	167.8668
5497	2.5872	78.5556	175.4291
5497.5	2.5904	77.8583	158.9951
5498	2.5878	77.9818	157.3408
5498.5	2.5966	78.4681	152.6486
5499	2.6041	78.5173	147.6541
5499.5	2.6176	78.4246	137.8489
5500	2.594	79.7678	139.2518
5500.5	2.6091	78.8126	126.8768
5501	2.6084	73.3118	177.3346
5501.5	2.6118	74.0687	172.7227
5502	2.6353	83.2646	182.017
5502.5	2.6263	87.5229	199.0407
5503	2.3405	93.923	205.8345
5503.5	2.4191	80.2153	199.1198
5504	2.3777	76.431	210.9944
5504.5	2.2787	75.6976	217.9935
5505	2.324	77.6263	221.4337
5505.5	2.3553	76.5097	185.8063
5506	2.4953	75.4754	189.4076
5506.5	2.5106	74.461	204.7377
5507	2.3908	74.2089	213.4255
5507.5	2.3483	74.8043	206.3733
5508	2.4313	74.2346	212.5571
5508.5	2.4854	73.1423	207.949
5509	2.4996	73.9386	210.927
5509.5	2.5604	74.307	214.2574
5510	2.5317	71.933	194.2324
5510.5	2.6527	71.4901	216.0625
5511	2.2925	75.8502	165.4452
5511.5	2.5603	79.2889	131.4427
5512	2.6261	72.9854	118.4551
5512.5	2.6141	68.9649	125.1019
5513	2.6369	63.596	111.6827
5513.5	2.6488	58.4226	106.556
5514	2.6955	56.7549	107.8554
5514.5	2.7489	57.8866	110.8667
5515	2.7178	59.5933	111.7967
5515.5	2.6863	64.1522	118.0134
5516	2.7301	69.1965	127.0711
5516.5	2.708	71.8546	135.6593
5517	2.6835	73.201	134.7073
5517.5	2.5052	72.2377	142.8096
5518	2.5953	73.4088	146.2584
5518.5	2.6605	67.1576	169.6015
5519	2.6465	61.9171	153.2063
5519.5	2.6821	64.8437	153.843
5520	2.6433	67.3067	156.5835
5520.5	2.6068	73.4435	160.6279
5521	2.5646	73.2215	159.826
5521.5	2.6385	71.2405	137.3972
5522	2.5645	70.844	130.8512
5522.5	2.5067	68.9748	127.5036
5523	2.5955	63.5132	115.4523
5523.5	2.72	61.7214	113.3777
5524	2.6976	62.2059	114.7823
5524.5	2.6655	66.4457	116.39
5525	2.6519	66.0945	114.383
5525.5	2.6215	65.2802	111.8031
5526	2.6156	63.5971	111.4935
5526.5	2.667	61.2827	110.887
5527	2.7041	60.1973	111.7165
5527.5	2.7288	60.2166	111.8583
5528	2.6832	60.8786	111.1598
5528.5	2.7005	62.7547	113.9214
5529	2.6926	68.032	116.5436
5529.5	2.6749	72.1906	125.3543
5530	2.6524	75.2582	127.0671
5530.5	2.585	79.0708	131.1566
5531	2.5593	79.9154	133.407
5531.5	2.5491	78.5013	133.3958
5532	2.5581	74.5631	127.7082
5532.5	2.5962	68.1716	120.5578
5533	2.5988	62.9929	115.085
5533.5	2.6347	59.7079	110.8984
5534	2.6765	57.0519	105.5802
5534.5	2.6418	56.5451	107.1765
5535	2.6846	57.2717	108.3915
5535.5	2.7022	57.4953	105.6429
5536	2.6852	60.7762	111.8066
5536.5	2.6656	63.9178	111.8066
5537	2.6603	64.4464	110.9237
5537.5	2.6415	64.6866	110.0658
5538	2.6374	63.6442	112.8982
5538.5	2.6171	63.6883	113.3326
5539	2.5852	63.7482	115.8324
5539.5	2.6989	64.6852	115.1425
5540	2.7092	66.4483	121.3633
5540.5	2.6422	67.8895	125.0909
5541	2.645	69.7918	124.895
5541.5	2.6376	69.8116	126.3143
5542	2.6359	69.9647	126.275
5542.5	2.6078	68.6857	127.529
5543	2.6385	69.7099	128.5658
5543.5	2.6694	69.3759	133.5529
5544	2.6268	70.1109	122.8948
5544.5	2.6355	71.7568	127.1754
5545	2.6535	73.5156	134.6223
5545.5	2.6163	75.404	164.9515
5546	2.6368	76.1164	143.4185
5546.5	2.6008	77.7627	144.8295
5547	2.6135	80.56	148.5362
5547.5	2.5922	82.9244	147.4831
5548	2.6249	80.9576	145.6863
5548.5	2.6046	80.9201	142.0122
5549	2.599	78.1626	137.6319
5549.5	2.5653	73.2699	125.706
5550	2.6114	69.7909	119.0851
5550.5	2.6372	68.0024	114.0677
5551	2.6334	65.3242	112.4569
5551.5	2.6208	66.0068	110.3835
5552	2.5877	66.6811	104.7349
5552.5	2.5951	65.7852	105.2655
5553	2.6267	65.7071	107.6254
5553.5	2.5747	67.6849	111.17
5554	2.5802	68.9146	114.5956
5554.5	2.5854	73.8929	125.446
5555	2.6122	75.4825	159.3778
5555.5	2.6618	77.5403	163.418
5556	2.5954	77.4351	160.4961
5556.5	2.5934	73.996	151.631
5557	2.3247	74.0218	146.7919
5557.5	2.4631	75.6834	140.1237
5558	2.6355	63.4981	127.7666
5558.5	2.6556	61.5157	95.363
5559	2.6269	60.2115	93.0247
5559.5	2.6348	62.2166	96.9464
5560	2.5735	65.5203	101.1183
5560.5	2.6351	69.5316	108.8688
5561	2.6586	70.4368	112.8579
5561.5	2.6047	71.5373	110.5387
5562	2.5821	72.9965	114.3556
5562.5	2.5983	73.9573	114.4867
5563	2.6269	74.6471	125.6919
5563.5	2.6353	74.341	124.7552
5564	2.6202	74.3619	126.5651
5564.5	2.5876	75.0631	124.7911
5565	2.616	74.0817	125.0407
5565.5	2.6117	74.3539	126.0265
5566	2.6035	74.121	125.6208
5566.5	2.6331	73.7167	133.6697
5567	2.6315	74.0161	142.6472
5567.5	2.636	74.998	146.6204
5568	2.6289	75.1498	143.5889
5568.5	2.6182	75.3635	151.5122
5569	2.6157	75.0409	152.1582
5569.5	2.638	75.795	150.9697
5570	2.6363	75.4415	151.8461
5570.5	2.6444	74.6046	159.7107
5571	2.647	74.3736	160.1916
5571.5	2.6356	74.0852	147.1762
5572	2.632	73.3222	151.163
5572.5	2.6314	71.4207	140.8213
5573	2.6426	69.5745	145.1871
5573.5	2.6599	69.6661	152.6031
5574	2.6648	70.3332	148.0389
5574.5	2.7002	72.068	154.5104
5575	2.6828	74.4234	167.6421
5575.5	2.6388	76.4534	166.5109
5576	2.5792	79.7452	168.5368
5576.5	2.6006	82.1105	168.5368
5577	2.5971	82.7547	168.4601
5577.5	2.5876	82.8815	169.1611
5578	2.5947	81.6468	145.6718
5578.5	2.5823	80.7961	132.7119
5579	2.5908	80.3926	135.0234
5579.5	2.5917	80.2638	134.2587
5580	2.6129	80.3843	139.0827
5580.5	2.6206	80.6977	137.5316
5581	2.575	82.1231	142.4557
5581.5	2.5572	83.3646	147.2366
5582	2.5729	83.8859	151.8111
5582.5	2.6301	84.6573	154.3676
5583	2.594	84.6741	153.2825
5583.5	2.5906	84.6391	151.3786
5584	2.588	82.7502	155.9838
5584.5	2.5766	78.2661	146.4308
5585	2.5734	74.5514	137.8542
5585.5	2.5836	71.2226	132.6473
5586	2.6219	60.7676	127.4205
5586.5	2.6701	70.9471	134.2414
5587	2.6263	72.7468	134.8155
5587.5	2.6003	74.2357	132.6978
5588	2.5393	74.8638	133.0024
5588.5	2.5351	72.9544	124.2523
5589	2.5321	69.2773	121.2105
5589.5	2.5832	63.0657	105.9818
5590	2.6365	59.138	101.9181
5590.5	2.6867	57.2661	100.4932
5591	2.6734	56.7153	100.1398
5591.5	2.6689	58.7371	92.9334
5592	2.6759	62.4882	97.31
5592.5	2.6878	64.2781	104.1545
5593	2.616	67.2021	108.5588
5593.5	2.5441	68.2931	111.837
5594	2.5207	68.9309	111.648
5594.5	2.5373	68.6481	113.681
5595	2.5905	68.9661	113.3376
5595.5	2.5554	69.22	113.2995
5596	2.5815	70.7939	114.3331
5596.5	2.6009	70.5121	114.5539
5597	2.5611	71.3585	114.9346
5597.5	2.595	70.9152	114.9346
5598	2.5806	70.8468	115.7159
5598.5	2.5849	70.8721	116.0126
5599	2.5937	70.2289	117.903
5599.5	2.5985	70.193	116.5287
5600	2.6412	71.1016	118.569
5600.5	2.612	71.3937	119.2334
5601	2.5469	72.618	122.3373
5601.5	2.5391	73.5968	123.4259
5602	2.5652	73.7801	125.8836
5602.5	2.6028	73.544	124.8298
5603	2.6053	73.9816	125.8248
5603.5	2.5281	73.3709	125.8248
5604	2.5402	73.4173	124.7851
5604.5	2.5494	73.2171	125.5376
5605	2.6188	73.4004	124.4892
5605.5	2.5591	73.589	124.6017
5606	2.6	74.1145	126.0915
5606.5	2.5705	74.5303	124.6237
5607	2.5531	74.3166	124.14
5607.5	2.5561	74.1878	121.6227
5608	2.569	73.2606	121.8647
5608.5	2.5647	72.7535	124.0868
5609	2.567	72.1784	122.0593
5609.5	2.5899	69.7213	117.6897
5610	2.5609	68.452	115.0965
5610.5	2.5739	65.2608	112.4331
5611	2.5768	63.0787	105.2845
5611.5	2.6454	61.4254	101.9141
5612	2.6822	60.724	101.5863
5612.5	2.6733	63.2124	104.357
5613	2.6585	65.2672	107.5334
5613.5	2.6365	66.6696	111.6887
5614	2.5908	69.2573	113.2924
5614.5	2.5946	68.9751	114.508
5615	2.5572	67.9536	114.0778
5615.5	2.5491	66.9664	111.9133
5616	2.5779	65.4343	110.7747
5616.5	2.6136	64.6474	109.4583
5617	2.6462	66.3625	113.4808
5617.5	2.6443	69.268	113.649
5618	2.6192	71.1142	114.8445
5618.5	2.5598	72.9654	117.9422
5619	2.5514	74.9957	122.0553
5619.5	2.5481	75.4375	123.0398
5620	2.5465	75.8023	124.1254
5620.5	2.511	76.0432	123.5707
5621	2.5408	75.5611	124.5396
5621.5	2.5437	75.095	124.6173
5622	2.559	74.9099	124.4385
5622.5	2.5898	74.3812	124.4385
5623	2.5794	74.1999	122.952
5623.5	2.5767	74.646	122.6379
5624	2.5493	74.5071	122.6921
5624.5	2.5466	74.3112	123.2387
5625	2.5616	73.7194	120.3747
5625.5	2.5673	72.4624	118.5486
5626	2.5586	71.1051	117.096
5626.5	2.5662	70.6822	115.8198
5627	2.5845	70.3619	115.8198
5627.5	2.6362	69.0206	113.6181
5628	2.6508	67.7949	112.8619
5628.5	2.5893	65.9994	111.412
5629	2.585	64.516	112.6249
5629.5	2.6521	66.1759	112.5635
5630	2.6564	67.0345	112.7828
5630.5	2.66	68.3836	114.6919
5631	2.6432	71.5383	116.3628
5631.5	2.5694	74.4867	115.9261
5632	2.5313	74.4273	122.4577
5632.5	2.6191	74.0391	121.025
5633	2.5889	74.1778	122.3938
5633.5	2.5592	76.0853	122.8201
5634	2.5207	77.6462	123.4365
5634.5	2.6224	77.6133	126.0689
5635	2.583	78.3501	125.8259
5635.5	2.438	78.3181	124.4501
5636	2.5524	78.0467	121.9566
5636.5	2.5448	75.4812	118.1153
5637	2.5369	73.1674	115.5771
5637.5	2.5342	72.0912	114.7699
5638	2.5048	68.9259	111.2941
5638.5	2.5547	69.2435	109.3699
5639	2.5625	69.9642	111.062
5639.5	2.6664	70.543	110.354
5640	2.6467	73.159	113.7065
5640.5	2.6605	74.8043	113.2097
5641	2.7545	76.7508	116.441
5641.5	2.8519	78.5692	122.2197
5642	2.7086	78.5151	126.6107
5642.5	2.6849	79.3607	128.2761
5643	2.668	77.3414	125.0779
5643.5	2.6963	76.3145	124.4781
5644	2.7172	74.5223	125.9148
5644.5	2.5658	72.2439	116.5133
5645	2.634	71.5484	111.7083
5645.5	2.6505	71.2744	110.9965
5646	2.7095	74.2697	122.786
5646.5	2.746	77.992	124.801
5647	2.6983	81.1206	127.5374
5647.5	2.6449	84.4515	131.7921
5648	2.6072	86.3557	135.9929
5648.5	2.4692	87.5159	133.3296
5649	2.4505	87.7657	131.5643
5649.5	2.4732	87.7473	134.3716
5650	2.4631	86.7222	134.9944
5650.5	2.4807	86.6603	133.6457
5651	2.4885	86.0151	135.0096
5651.5	2.4741	84.7356	135.4717
5652	2.4763	85.3825	133.8639
5652.5	2.4916	84.5175	134.9247
5653	2.4595	85.5682	141.8246
5653.5	2.509	87.1359	145.3291
5654	2.4932	87.5808	145.1884
5654.5	2.501	88.4334	144.9826
5655	2.4746	87.3212	147.1473
5655.5	2.4882	86.6307	147.1473
5656	2.4911	85.9471	133.9389
5656.5	2.5553	86.0094	135.8597
5657	2.4832	85.6081	135.4689
5657.5	2.5177	85.5285	140.2865
5658	2.552	85.5576	134.5243
5658.5	2.5228	85.7306	134.8934
5659	2.4546	84.8466	134.2
5659.5	2.4956	83.111	132.7976
5660	2.4942	79.071	124.4277
5660.5	2.4928	76.678	112.3774
5661	2.5185	75.2402	107.6551
5661.5	2.5876	73.2127	111.5516
5662	2.641	73.6708	113.5135
5662.5	2.6073	75.5196	114.5987
5663	2.6046	77.7601	124.7357
5663.5	2.5883	81.5222	125.9186
5664	2.5919	82.9281	124.0584
5664.5	2.4891	85.1276	127.3518
5665	2.4852	85.8391	122.9005
5665.5	2.5981	84.7476	126.5885
5666	2.4493	84.6007	123.718
5666.5	2.5028	85.4165	117.6158
5667	2.4984	85.1333	125.4606
5667.5	2.7327	84.4426	129.6789
5668	2.6542	80.858	132.306
5668.5	2.623	77.3931	127.5487
5669	2.6073	75.4639	127.8361
5669.5	2.6987	74.4012	124.0476
5670	2.5147	74.1618	140.4343
5670.5	2.6596	74.3954	122.2724
5671	2.7126	77.0368	115.6221
5671.5	2.7102	80.5363	120.3653
5672	2.6185	83.9446	126.9501
5672.5	2.5531	84.3844	128.2294
5673	2.5241	89.3267	144.8112
5673.5	2.542	89.5615	146.1237
5674	2.5514	88.9772	142.1566
5674.5	2.5177	87.9125	145.1475
5675	2.5208	88.1783	145.791
5675.5	2.5089	88.423	150.9762
5676	2.4958	88.4257	146.7463
5676.5	2.4746	87.8525	144.4118
5677	2.494	86.9126	145.4641
5677.5	2.4809	86.9576	143.7993
5678	2.5079	85.1228	140.7209
5678.5	2.5233	82.0821	134.49
5679	2.559	80.5414	133.0732
5679.5	2.5571	78.8379	131.946
5680	2.5595	78.5179	128.0527
5680.5	2.7137	78.6605	127.806
5681	2.7789	77.012	128.9729
5681.5	2.7221	77.8938	128.8008
5682	2.6357	78.5412	128.2948
5682.5	2.5826	79.1244	129.1937
5683	2.6457	77.9248	128.5187
5683.5	2.5669	79.365	131.963
5684	2.5842	80.7316	131.0831
5684.5	2.5672	82.2868	130.0952
5685	2.5335	84.1664	134.0982
5685.5	2.7981	84.9068	132.3206
5686	2.6388	85.7389	132.4679
5686.5	2.3886	85.4378	128.006
5687	2.4516	81.8673	130.1218
5687.5	2.462	79.8659	130.4812
5688	2.4615	78.8797	124.4812
5688.5	2.4674	74.5756	125.0634
5689	2.6159	73.3258	125.7622
5689.5	2.6617	72.4583	124.2917
5690	2.5693	74.2568	121.0682
5690.5	2.5643	74.9697	119.2305
5691	2.6724	75.2051	115.9481
5691.5	2.5446	73.71	114.9371
5692	2.5454	72.4702	112.303
5692.5	2.4452	69.9236	115.6006
5693	2.467	69.8147	113.9939
5693.5	2.6792	70.8692	113.7577
5694	2.6747	72.3983	115.2951
5694.5	2.6216	75.9123	119.56
5695	2.4641	80.2878	123.0747
5695.5	2.4468	82.1856	126.8837
5696	2.4312	83.2562	127.0446
5696.5	2.4294	84.1021	128.473
5697	2.4322	83.4774	128.759
5697.5	2.4375	82.9713	129.0268
5698	2.4125	82.5993	132.0188
5698.5	2.4343	81.5099	134.0983
5699	2.4608	80.5184	134.3276
5699.5	2.4949	80.059	132.3602
5700	2.5146	80.4271	129.6706
5700.5	2.5026	80.5163	132.4276
5701	2.5108	80.3526	134.3709
5701.5	2.4776	80.7316	130.7135
5702	2.4774	81.2933	126.8314
5702.5	2.4895	82.0466	126.7065
5703	2.4515	83.2637	134.549
5703.5	2.4231	83.9327	134.8689
5704	2.3918	81.6511	134.2689
5704.5	2.3769	77.7334	126.4471
5705	2.3874	75.087	125.7429
5705.5	2.4433	74.1649	126.0475
5706	2.6192	72.209	125.6419
5706.5	2.7186	72.7186	126.3086
5707	2.6051	78.0571	130.6636
5707.5	2.5189	82.1252	133.0569
5708	2.566	83.0519	132.4611
5708.5	2.6678	84.244	134.3414
5709	2.4132	85.6863	135.4495
5709.5	2.4185	86.5789	136.6648
5710	2.4103	85.8179	133.3363
5710.5	2.4044	85.2553	133.8673
5711	2.3904	85.6193	133.4291
5711.5	2.4299	84.076	133.1446
5712	2.4319	83.361	131.9179
5712.5	2.4739	83.0876	131.0092
5713	2.4593	83.3895	130.2626
5713.5	2.4723	83.8327	131.0373
5714	2.4771	84.331	131.1909
5714.5	2.4795	85.3455	132.3049
5715	2.4887	84.485	129.2368
5715.5	2.4745	81.1726	129.0889
5716	2.4686	78.9807	128.1858
5716.5	2.424	75.2698	125.1758
5717	2.4681	73.3478	123.8613
5717.5	2.6079	69.7451	121.5697
5718	2.7499	69.7745	119.8464
5718.5	2.6656	72.0958	120.6008
5719	2.5729	75.1529	122.0821
5719.5	2.5254	76.4381	123.2619
5720	2.7533	77.7715	125.3393
5720.5	2.5486	80.0174	127.1788
5721	2.4617	81.0918	125.9927
5721.5	2.4442	79.5702	124.8805
5722	2.4864	77.9827	124.7322
5722.5	2.5483	77.3885	123.7883
5723	2.5529	77.5683	124.0525
5723.5	2.556	78.7205	125.1016
5724	2.5501	79.9317	125.1219
5724.5	2.5282	80.8005	126.9208
5725	2.5191	82.0709	127.018
5725.5	2.4629	82.9143	127.4774
5726	2.4281	83.476	127.6687
5726.5	2.4318	81.1278	126.7756
5727	2.467	79.752	126.2206
5727.5	2.4976	77.3741	125.1705
5728	2.4859	76.8694	123.8176
5728.5	2.5152	75.9141	124.6577
5729	2.6707	73.0515	123.856
5729.5	2.5055	69.7234	115.841
5730	2.4772	67.0946	113.6646
5730.5	2.4461	60.2452	111.2374
5731	2.6381	57.6164	109.3135
5731.5	2.6898	57.3371	108.42
5732	2.6966	60.3403	106.3821
5732.5	2.6919	63.3494	107.177
5733	2.6784	68.4286	110.3354
5733.5	2.5906	73.2424	113.1579
5734	2.5654	76.2612	114.763
5734.5	2.5303	79.2137	115.4693
5735	2.5081	80.3713	124.1693
5735.5	2.5063	81.5243	125.7862
5736	2.5058	82.5446	126.3016
5736.5	2.5085	83.4686	127.4088
5737	2.475	84.8253	128.1366
5737.5	2.4644	84.9068	127.9257
5738	2.4693	84.8555	128.1933
5738.5	2.4743	84.1446	127.7575
5739	2.456	83.6003	127.2406
5739.5	2.4472	83.0548	126.8281
5740	2.4851	82.5072	126.8579
5740.5	2.5058	80.7152	126.8902
5741	2.5059	80.4987	125.7934
5741.5	2.5056	79.9424	124.7561
5742	2.4838	78.4099	123.5189
5742.5	2.5106	76.6178	122.6995
5743	2.5191	76.4425	122.3887
5743.5	2.5303	76.824	122.9912
5744	2.5736	77.1387	124.0286
5744.5	2.612	81.2044	125.5133
5745	2.4929	81.8944	127.4459
5745.5	2.4968	84.3786	128.137
5746	2.4676	84.7383	129.7151
5746.5	2.4814	84.6671	130.5924
5747	2.4845	84.7441	130.8311
5747.5	2.4911	84.3399	129.7342
5748	2.4733	84.2929	128.6469
5748.5	2.467	84.6786	127.9453
5749	2.4656	84.6649	128.2839
5749.5	2.4831	85.0521	127.7987
5750	2.4555	84.7769	128.102
5750.5	2.4523	84.1525	127.8207
5751	2.453	83.8226	126.9895
5751.5	2.4695	81.9451	125.6743
5752	2.4773	80.5226	124.5869
5752.5	2.6019	80.3296	123.9797
5753	2.5742	80.3091	122.5424
5753.5	2.4784	80.6531	122.3036
5754	2.4578	81.1927	122.6293
5754.5	2.4259	81.3126	122.1949
5755	2.4164	81.3578	124.3173
5755.5	2.3984	82.2492	124.0584
5756	2.3972	81.5036	123.6091
5756.5	2.4177	81.5934	124.2324
5757	2.4367	80.6856	123.0698
5757.5	2.4146	80.6448	123.9408
5758	2.4397	80.669	123.3357
5758.5	2.431	81.1281	122.5391
5759	2.4553	81.3456	124.3381
5759.5	2.462	82.2921	125.8278
5760	2.4642	83.4313	125.1923
5760.5	2.4251	84.0321	126.4138
5761	2.4542	84.5431	126.9292
5761.5	2.4212	85.5687	127.1085
5762	2.4301	85.9272	126.8257
5762.5	2.3991	85.9163	126.8872
5763	2.4139	84.2442	123.5915
5763.5	2.4592	82.3108	126.0601
5764	2.4276	80.8418	125.7098
5764.5	2.4187	79.9642	124.7833
5765	2.4622	79.0074	122.134
5765.5	2.4613	78.8132	122.2089
5766	2.5013	77.8864	122.7318
5766.5	2.4818	78.6606	123.2711
5767	2.5134	79.1586	116.4044
5767.5	2.5221	79.1366	120.6934
5768	2.5194	79.6095	122.6097
5768.5	2.5348	80.1305	122.8003
5769	2.4946	80.8544	123.0372
5769.5	2.4739	81.9706	123.16
5770	2.4629	82.4388	124.9727
5770.5	2.4484	83.3118	123.0193
5771	2.4609	83.074	121.7966
5771.5	2.4527	80.6752	122.715
5772	2.463	79.8062	121.1136
5772.5	2.4775	79.837	121.068
5773	2.4895	80.4285	122.0678
5773.5	2.5849	81.7072	121.9891
5774	2.6149	83.0596	124.1
5774.5	2.4008	83.5294	123.0214
5775	2.3969	82.0849	120.5371
5775.5	2.3995	79.9832	122.5498
5776	2.3973	78.2707	121.0776
5776.5	2.42	77.3959	117.6757
5777	2.5581	77.4137	115.8912
5777.5	2.7055	78.6138	116.768
5778	2.4762	81.5622	121.3675
5778.5	2.5025	83.8273	123.3325
5779	2.4562	84.2481	121.5657
5779.5	2.4412	84.4404	124.4378
5780	2.4335	83.3135	125.6869
5780.5	2.4604	82.3178	125.3393
5781	2.4707	81.8363	123.0981
5781.5	2.4861	82.2988	124.3624
5782	2.4654	82.5183	124.229
5782.5	2.4408	83.9683	125.5137
5783	2.4306	84.9444	125.2814
5783.5	2.4251	85.6143	126.0131
5784	2.4658	84.9706	126.921
5784.5	2.4616	84.3101	126.8485
5785	2.4838	83.6744	125.6502
5785.5	2.4915	82.9335	124.5955
5786	2.4444	82.9428	124.9937
5786.5	2.497	83.257	124.9938
5787	2.4807	83.5428	125.6115
5787.5	2.4793	83.7932	125.4423
5788	2.4579	83.3394	125.1823
5788.5	2.4359	83.5894	125.4647
5789	2.4462	82.7225	124.3202
5789.5	2.4502	81.5738	120.9421
5790	2.4324	81.4765	118.644
5790.5	2.4378	80.7467	121.2718
5791	2.4653	80.5431	121.5218
5791.5	2.4752	80.2575	119.6747
5792	2.4529	80.309	114.0635
5792.5	2.5087	80.6502	115.2964
5793	2.4881	80.4975	117.0616
5793.5	2.4531	80.2386	114.6356
5794	2.475	80.3238	114.1325
5794.5	2.4625	80.5505	113.4139
5795	2.4691	79.862	113.4942
5795.5	2.4909	79.9064	114.131
5796	2.4888	79.9669	114.7681
5796.5	2.5098	79.9326	112.4237
5797	2.4775	80.1025	116.087
5797.5	2.4708	80.1269	113.1366
5798	2.4912	80.478	120.6351
5798.5	2.4936	80.7119	114.1307
5799	2.4743	81.6049	115.2099
5799.5	2.4897	82.2719	121.7226
5800	2.5195	83.4715	121.5447
5800.5	2.4957	83.9167	121.206
5801	2.4598	84.325	121.4958
5801.5	2.5057	84.8313	122.6272
5802	2.4962	85.1434	123.0896
5802.5	2.4971	85.6949	124.39
5803	2.477	85.8582	124.1036
5803.5	2.4656	85.816	127.3184
5804	2.4838	85.7251	126.1312
5804.5	2.471	85.347	124.6059
5805	2.4886	84.6808	125.9585
5805.5	2.4861	84.4231	126.8281
5806	2.5197	83.6227	125.2806
5806.5	2.5182	81.9688	124.941
5807	2.515	81.8883	124.7841
5807.5	2.5235	82.4147	127.2824
5808	2.5602	83.0591	129.9433
5808.5	2.616	82.2371	126.6451
5809	2.5466	82.0502	125.7692
5809.5	2.5157	82.7048	128.145
5810	2.551	82.082	126.8328
5810.5	2.5736	81.0522	127.9058
5811	2.6311	81.5285	122.7786
5811.5	2.5014	83.1459	124.7937
5812	2.5172	84.3982	124.3692
5812.5	2.539	84.5604	127.1005
5813	2.5247	85.4958	128.1455
5813.5	2.488	85.2657	128.1455
5814	2.4866	85.6671	130.8205
5814.5	2.4996	85.7527	131.5379
5815	2.5117	86.0286	128.0494
5815.5	2.5262	86.3232	132.1273
5816	2.5317	87.091	131.8754
5816.5	2.5287	88.2734	132.9064
5817	2.5205	88.7386	133.9962
5817.5	2.5118	89.057	134.2759
5818	2.4634	88.4834	134.7083
5818.5	2.4878	87.6441	133.8383
5819	2.4903	87.046	133.7945
5819.5	2.5318	86.062	133.4015
5820	2.5154	85.1143	130.4034
5820.5	2.4594	83.971	128.5321
5821	2.4924	84.1451	126.8922
5821.5	2.4494	83.7596	125.9124
5822	2.4792	83.9862	124.5133
5822.5	2.4678	83.9847	125.1303
5823	2.4262	83.4823	125.337
5823.5	2.4349	83.198	124.4652
5824	2.4183	82.8109	124.462
5824.5	2.4377	82.8036	124.424
5825	2.4339	83.2975	125.6998
5825.5	2.4725	83.5702	124.9233
5826	2.4397	83.6878	126.2469
5826.5	2.4543	84.1346	123.3736
5827	2.4797	84.6242	120.8127
5827.5	2.4375	84.2627	126.6557
5828	2.4151	83.5035	125.6043
5828.5	2.4482	83.368	126.0236
5829	2.4243	83.5601	126.8357
5829.5	2.4777	83.4257	126.6195
5830	2.4922	83.4078	126.0124
5830.5	2.5057	83.3373	126.1762
5831	2.4689	83.6781	128.3156
5831.5	2.4822	84.2587	127.8825
5832	2.4798	84.1687	129.8275
5832.5	2.4822	84.2967	131.4624
5833	2.4883	84.1752	131.8314
5833.5	2.466	83.758	132.0697
5834	2.5332	84.1176	132.1243
5834.5	2.4984	84.0455	131.3737
5835	2.4959	84.1081	133.7087
5835.5	2.4683	85.065	135.1214
5836	2.4836	85.0758	133.964
5836.5	2.4869	84.6912	133.4425
5837	2.4401	84.1627	133.4179
5837.5	2.4402	82.7684	130.2077
5838	2.5137	82.4856	130.1926
5838.5	2.5522	82.1498	132.522
5839	2.5291	82.8679	132.3399
5839.5	2.4725	83.4953	133.8889
5840	2.4633	83.8309	134.2143
5840.5	2.4669	84.1316	144.968
5841	2.4717	84.2992	145.7241
5841.5	2.4565	83.6617	145.9456
5842	2.4681	82.149	144.313
5842.5	2.5038	80.5233	130.9942
5843	2.4269	80.0039	127.2731
5843.5	2.4251	79.7283	124.6356
5844	2.4743	79.535	120.9051
5844.5	2.5166	80.164	120.9779
5845	2.5223	82.7995	123.7669
5845.5	2.4897	84.152	124.6766
5846	2.439	85.2988	125.4739
5846.5	2.4799	85.956	133.1327
5847	2.5421	86.4868	133.7524
5847.5	2.4989	86.3343	133.3499
5848	2.4915	86.508	134.8651
5848.5	2.4881	86.2372	134.0712
5849	2.4695	86.2406	139.8916
5849.5	2.4638	84.9496	136.6826
5850	2.4812	83.8212	137.9543
5850.5	2.4618	83.1171	137.7527
5851	2.4744	82.5631	141.379
5851.5	2.5024	83.237	142.1276
5852	2.582	82.8529	147.684
5852.5	2.6514	85.0426	150.1197
5853	2.5488	86.1536	155.2795
5853.5	2.5221	87.2461	159.7369
5854	2.5046	87.4499	158.5105
5854.5	2.5388	86.8914	161.9965
5855	2.5372	86.4141	161.62
5855.5	2.5201	86.2088	163.7099
5856	2.5438	85.6347	164.4676
5856.5	2.543	85.6319	162.7157
5857	2.5666	85.6039	163.481
5857.5	2.5239	85.8627	167.7781
5858	2.5636	85.9501	166.6571
5858.5	2.5507	86.2141	164.9105
5859	2.5424	86.6612	164.4025
5859.5	2.5506	87.4597	163.4381
5860	2.547	87.6951	163.2272
5860.5	2.5554	88.3401	164.9498
5861	2.5552	88.396	162.2053
5861.5	2.5366	88.1724	161.9521
5862	2.5121	88.2708	161.7997
5862.5	2.5258	88.2711	158.0193
5863	2.5226	88.3495	158.8503
5863.5	2.5065	88.322	157.2452
5864	2.5242	89.2886	157.7895
5864.5	2.489	90.096	160.1796
5865	2.5454	90.2109	161.0809
5865.5	2.5024	90.6058	157.5551
5866	2.5127	90.9662	159.5893
5866.5	2.4868	91.3688	158.2029
5867	2.5137	90.6987	156.4012
5867.5	2.5004	90.0455	157.4404
5868	2.4861	89.4931	155.4621
5868.5	2.5075	88.9737	152.6108
5869	2.5129	88.3945	144.6901
5869.5	2.5216	88.1951	154.4859
5870	2.5276	88.4201	156.742
5870.5	2.5295	88.2996	157.5187
5871	2.5115	88.5704	157.4026
5871.5	2.49	88.4477	157.2648
5872	2.4964	88.3844	159.0683
5872.5	2.52	88.5079	157.3673
5873	2.5342	88.3866	157.8957
5873.5	2.5277	88.1452	154.4595
5874	2.4757	88.5193	153.4557
5874.5	2.4862	88.4035	156.1658
5875	2.475	88.8198	155.7832
5875.5	2.4597	88.5089	156.3777
5876	2.4677	88.41	155.6303
5876.5	2.4936	88.3283	142.5549
5877	2.495	88.1346	138.9747
5877.5	2.5324	88.4238	151.2452
5878	2.5009	88.537	150.9281
5878.5	2.49	88.4659	152.0074
5879	2.4909	88.9897	151.4055
5879.5	2.4806	88.521	144.4238
5880	2.4792	88.9252	143.9958
5880.5	2.4631	88.4663	143.983
5881	2.4403	87.7436	144.9525
5881.5	2.4366	87.1038	144.0575
5882	2.4179	86.9444	148.8544
5882.5	2.4422	86.116	150.0963
5883	2.4662	85.9692	149.3938
5883.5	2.5262	85.8965	147.4832
5884	2.4864	86.1983	141.5419
5884.5	2.5128	86.6493	138.8607
5885	2.5214	86.7551	146.3771
5885.5	2.5157	87.2842	145.0132
5886	2.4801	87.5794	144.26
5886.5	2.4722	87.941	145.5135
5887	2.4379	87.9367	145.1858
5887.5	2.459	87.9375	146.1973
5888	2.478	87.8036	147.868
5888.5	2.5248	87.9971	146.3048
5889	2.4912	88.2193	145.6322
5889.5	2.4956	87.8222	145.5341
5890	2.5188	86.9423	144.7466
5890.5	2.4999	86.2033	141.8957
5891	2.4547	85.5827	140.5871
5891.5	2.4523	85.1897	141.2023
5892	2.4242	84.6527	135.7686
5892.5	2.4262	83.4009	136.4842
5893	2.4721	82.4152	134.6938
5893.5	2.6294	81.1497	128.9091
5894	2.5353	80.0839	127.6461
5894.5	2.5365	79.4448	127.7804
5895	2.5189	78.1204	125.3568
5895.5	2.5042	77.9003	125.3128
5896	2.5046	76.4133	122.2096
5896.5	2.5053	72.1589	113.9961
5897	2.5547	68.8889	113.8867
5897.5	2.5277	65.1843	111.584
5898	2.5258	64.1933	105.7391
5898.5	2.6693	64.1488	109.6221
5899	2.7169	66.0978	111.4149
5899.5	2.6709	70.5806	114.6563
5900	2.5908	76.3468	122.0103
5900.5	2.5398	78.9121	122.2771
5901	2.5286	80.0829	125.7076
5901.5	2.4847	79.0935	126.1754
5902	2.4759	77.3406	126.642
5902.5	2.5089	76.817	125.7727
5903	2.52	76.367	126.71
5903.5	2.5445	77.9276	129.0925
5904	2.5893	79.981	132.8103
5904.5	2.5495	81.3062	134.2205
5905	2.5821	83.9078	137.3727
5905.5	2.549	84.8098	144.476
5906	2.5296	85.6024	142.0035
5906.5	2.5183	85.4534	141.7831
5907	2.5605	84.5134	142.1215
5907.5	2.5397	84.1312	137.7482
5908	2.5052	83.7477	133.5569
5908.5	2.5354	83.3576	134.8383
5909	2.5389	82.2168	132.0682
5909.5	2.594	80.4414	131.1364
5910	2.5798	79.815	129.392
5910.5	2.5276	79.6086	127.1269
5911	2.5363	77.204	125.5275
5911.5	2.5558	75.7594	124.1887
5912	2.5475	74.9215	121.8623
5912.5	2.6064	73.4224	120.0882
5913	2.6456	72.8573	116.2942
5913.5	2.5715	73.07	120.6182
5914	2.5539	73.9077	122.0703
5914.5	2.5584	75.563	124.3851
5915	2.5642	76.8246	126.0478
5915.5	2.6063	79.0323	126.8915
5916	2.5801	79.9743	127.4347
5916.5	2.604	80.4433	127.8576
5917	2.5326	81.0257	128.1946
5917.5	2.5876	80.638	129.0421
5918	2.5891	80.7068	129.1186
5918.5	2.5969	81.2233	129.7835
5919	2.6061	81.7006	129.7426
5919.5	2.5931	81.202	129.9787
5920	2.5378	80.7412	129.5675
5920.5	2.5373	80.1201	128.2567
5921	2.5838	79.1079	127.1283
5921.5	2.5867	77.5763	126.2718
5922	2.6233	76.1228	122.7613
5922.5	2.5646	75.4549	121.9143
5923	2.5893	74.1141	121.4406
5923.5	2.5608	73.9473	118.5618
5924	2.479	74.0054	120.4982
5924.5	2.5006	73.7841	121.4419
5925	2.5508	72.5371	120.6889
5925.5	2.5676	72.4149	121.1838
5926	2.5659	73.1877	122.0815
5926.5	2.5721	73.8543	123.376
5927	2.5563	75.7921	123.6744
5927.5	2.5462	75.9495	123.8678
5928	2.5613	77.166	124.6004
5928.5	2.5437	77.2953	124.6647
5929	2.5517	77.9535	124.8396
5929.5	2.5329	77.9343	126.0616
5930	2.6095	77.9909	124.9968
5930.5	2.5762	78.4239	125.056
5931	2.5623	74.8935	123.4234
5931.5	2.5696	71.46	116.0736
5932	2.5643	68.0691	113.066
5932.5	2.6239	60.0799	110.9989
5933	2.7699	57.3424	107.4174
5933.5	2.7978	54.2169	102.5804
5934	2.7686	52.8128	102.0304
5934.5	2.7488	52.7002	101.2006
5935	2.7347	53.4376	100.4816
5935.5	2.7261	53.3196	98.6833
5936	2.7237	53.6046	102.7397
5936.5	2.7126	54.9451	103.7343
5937	2.747	54.9311	105.0613
5937.5	2.7479	55.5625	105.276
5938	2.7402	55.9863	106.4754
5938.5	2.7472	55.4372	105.2418
5939	2.7453	54.9961	104.1105
5939.5	2.6876	52.9485	100.0364
5940	2.7784	50.3725	100.0364
5940.5	2.6052	49.2245	98.7386
5941	2.7143	48.3491	97.1099
5941.5	2.7109	47.4967	94.3891
5942	2.7111	48.0447	94.1347
5942.5	2.7237	48.2794	95.9268
5943	2.7222	48.2097	95.2475
5943.5	2.726	47.916	94.6444
5944	2.7312	48.0967	93.6729
5944.5	2.7423	47.6582	94.3155
5945	2.7464	47.6834	94.0831
5945.5	2.725	47.6505	94.1157
5946	2.7273	47.0508	92.5353
5946.5	2.7325	47.5944	94.8537
5947	2.7257	47.597	95.0798
5947.5	2.7205	47.6647	94.13
5948	2.7326	47.8461	95.3541
5948.5	2.736	48.2262	95.8157
5949	2.7235	48.8118	95.9997
5949.5	2.7141	48.2849	96.0642
5950	2.7124	47.9397	96.296
5950.5	2.7182	48.0902	95.0955
5951	2.7193	47.9973	94.5927
5951.5	2.7376	48.0092	94.8583
5952	2.7145	47.772	92.6431
5952.5	2.7251	47.8409	92.6038
5953	2.7237	47.8587	90.9514
5953.5	2.7175	48.0754	92.111
5954	2.7386	48.1107	91.1993
5954.5	2.726	48.089	92.2974
5955	2.7175	48.1045	93.4513
5955.5	2.7187	48.2285	92.1186
5956	2.7239	47.9994	90.5096
5956.5	2.733	47.8446	91.4304
5957	2.7285	47.6434	90.0729
5957.5	2.7301	47.7023	90.1901
5958	2.7319	47.3863	92.5546
5958.5	2.7219	47.2963	92.6292
5959	2.7312	47.6823	92.56
5959.5	2.7262	47.9757	92.5128
5960	2.7158	48.265	92.6756
5960.5	2.7261	48.54	95.3978
5961	2.7172	48.7293	93.8084
5961.5	2.6856	49.0577	92.8415
5962	2.6792	48.8604	92.6876
5962.5	2.6614	48.3978	91.6948
5963	2.6639	47.9122	88.5612
5963.5	2.6802	47.5763	91.3712
5964	2.6855	47.4574	93.1077
5964.5	2.694	47.0713	90.8648
5965	2.7127	47.0474	90.2006
5965.5	2.696	47.1553	92.7936
5966	2.7091	47.3188	92.0998
5966.5	2.7213	47.3886	95.1596
5967	2.7233	47.726	93.2909
5967.5	2.7206	47.618	91.6434
5968	2.7313	47.4288	90.7756
5968.5	2.7202	47.1305	89.3758
5969	2.7362	46.8232	91.2585
5969.5	2.7123	46.6131	80.977
5970	2.7144	46.5499	87.8106
5970.5	2.7872	46.7042	88.4874
5971	2.849	47.6741	87.3968
5971.5	2.8435	48.4841	86.3089
5972	2.8222	48.3223	88.3654
5972.5	2.788	48.7144	89.144
5973	2.6893	48.9029	90.131
5973.5	2.6551	47.8978	91.4298
5974	2.6856	47.3416	91.5697
5974.5	2.7496	47.1569	91.9039
5975	2.7152	47.2102	92.6634
5975.5	2.718	47.0711	91.8785
5976	2.7095	47.4446	92.573
5976.5	2.718	47.4007	91.2781
5977	2.7256	47.1277	91.0013
5977.5	2.7305	47.5375	90.3406
5978	2.725	47.6901	89.1485
5978.5	2.729	47.9618	89.0838
5979	2.7671	48.4448	93.487
5979.5	2.8503	49.6822	92.1435
5980	2.8241	49.9531	90.5042
5980.5	2.7927	49.8154	92.4145
5981	2.7481	49.49	92.1112
5981.5	2.699	47.9704	91.4774
5982	2.7049	47.9594	93.6041
5982.5	2.7192	47.1456	89.9844
5983	2.7152	47.2595	92.7321
5983.5	2.7217	47.4248	91.047
5984	2.7168	46.8138	91.997
5984.5	2.7145	46.7092	91.8643
5985	2.7993	46.8932	91.0513
5985.5	2.7969	47.4013	92.0927
5986	2.7205	47.0442	92.1823
5986.5	2.7228	47.7931	95.4922
5987	2.7133	47.7056	95.329
5987.5	2.7146	47.6008	95.5177
5988	2.7126	47.5698	94.5321
5988.5	2.698	47.5604	96.8851
5989	2.7256	47.7435	96.0143
5989.5	2.7287	47.3776	92.4174
5990	2.7173	47.9541	94.6754
5990.5	2.7131	47.9931	96.9724
5991	2.7084	47.8618	92.6354
5991.5	2.7167	47.8617	92.5329
5992	2.7325	47.997	92.4836
5992.5	2.7277	47.655	91.1135
5993	2.7228	47.8056	90.0658
5993.5	2.7253	47.7942	90.871
5994	2.7248	47.73	95.3752
5994.5	2.7317	47.9882	95.7349
5995	2.7379	48.0475	91.8384
5995.5	2.735	48.1742	95.9447
5996	2.7489	47.757	94.9004
5996.5	2.7664	48.2875	96.2084
5997	2.7211	47.92	93.2864
5997.5	2.731	47.9869	92.8726
5998	2.7323	48.0453	94.3902
5998.5	2.7242	47.9215	94.15
5999	2.7142	47.913	91.3659
5999.5	2.7158	47.9189	91.4016
6000	2.7291	47.7868	92.0707
6000.5	2.7293	47.7601	92.0943
6001	2.7349	47.6163	91.9808
6001.5	2.7357	47.7208	92.5823
6002	2.73	47.7467	91.4234
6002.5	2.7275	47.7592	94.3063
6003	2.7406	48.0114	92.8106
6003.5	2.7247	48.1501	92.822
6004	2.7348	48.124	93.6393
6004.5	2.7231	48.126	93.0299
6005	2.7085	47.9495	92.4317
6005.5	2.7202	47.719	94.0728
6006	2.7383	47.9213	92.7173
6006.5	2.7338	48.042	93.2909
6007	2.7237	47.8635	91.9795
6007.5	2.7409	47.1257	89.6333
6008	2.7391	46.8623	91.2264
6008.5	2.7478	46.9466	92.4889
6009	2.7619	46.4801	91.7024
6009.5	2.8275	46.6557	91.2537
6010	2.843	46.7298	91.1986
6010.5	2.8188	47.1382	90.8389
6011	2.8005	47.8091	91.36
6011.5	2.8327	48.3803	89.9459
6012	2.8114	48.4339	88.8276
6012.5	2.8151	48.7982	89.1535
6013	2.7479	48.8473	89.1882
6013.5	2.7399	49.0903	88.4082
6014	2.7853	48.8238	87.0853
6014.5	2.8024	47.6843	87.8549
6015	2.8042	47.3157	88.1084
6015.5	2.8117	46.5453	86.0347
6016	2.7885	46.2975	88.9175
6016.5	2.7832	46.7192	89.5976
6017	2.735	46.9821	90.4
6017.5	2.7362	47.5495	90.2438
6018	2.7288	47.7417	90.9698
6018.5	2.7193	47.7372	91.7
6019	2.7181	47.7832	91.8832
6019.5	2.7377	47.7206	92.392
6020	2.7491	47.5658	90.0131
6020.5	2.7385	47.6989	90.3626
6021	2.7191	47.6032	91.493
6021.5	2.6893	47.7351	92.1137
6022	2.7122	47.6027	91.9684
6022.5	2.7121	47.525	91.794
6023	2.7252	47.5272	91.0026
6023.5	2.7136	47.5164	92.9199
6024	2.7129	47.4355	92.1555
6024.5	2.6977	47.4251	92.5242
6025	2.7263	47.373	92.7353
6025.5	2.7008	47.487	91.2545
6026	2.713	47.4302	93.1473
6026.5	2.7288	47.5849	91.7372
6027	2.7253	47.6153	92.2134
6027.5	2.7375	47.6212	92.0347
6028	2.7256	47.7385	91.0342
6028.5	2.7348	47.6377	89.5241
6029	2.7403	46.7894	89.2114
6029.5	2.7299	46.8908	89.3574
6030	2.7237	46.4219	89.7431
6030.5	2.7622	46.5347	89.5064
6031	2.8	46.1462	86.3753
6031.5	2.7817	46.2743	90.1814
6032	2.7429	46.7298	91.7669
6032.5	2.7396	47.4509	90.5046
6033	2.7176	47.5799	90.5046
6033.5	2.7159	47.6427	90.2344
6034	2.7216	47.6678	90.5586
6034.5	2.721	47.6729	94.0265
6035	2.7285	47.6432	92.2132
6035.5	2.7293	47.6494	95.5684
6036	2.7321	47.7047	91.206
6036.5	2.7298	47.7214	94.4999
6037	2.7194	47.7605	92.2168
6037.5	2.7088	47.8276	91.6299
6038	2.7345	47.8725	92.6407
6038.5	2.7106	47.8639	92.5138
6039	2.7189	47.8276	92.4995
6039.5	2.7206	47.7927	95.6184
6040	2.7239	47.7346	94.5746
6040.5	2.7184	47.7241	90.8449
6041	2.7126	47.6994	94.5836
6041.5	2.7145	47.6596	91.636
6042	2.7308	47.761	95.3677
6042.5	2.723	47.9828	94.1734
6043	2.7227	47.89	95.6053
6043.5	2.7229	48.181	91.4424
6044	2.7183	48.047	95.3286
6044.5	2.71	48.1735	92.9078
6045	2.7065	48.2663	96.0335
6045.5	2.7319	48.391	97.0085
6046	2.7314	48.1411	94.7625
6046.5	2.7274	47.9624	94.4769
6047	2.7238	48.0468	95.2718
6047.5	2.733	47.9754	95.0759
6048	2.7322	47.9488	94.5404
6048.5	2.718	47.7826	95.0869
6049	2.7192	47.7364	94.8176
6049.5	2.7235	47.6722	95.5739
6050	2.7308	47.7583	93.8279
6050.5	2.7431	47.6513	93.6537
6051	2.7209	47.6506	93.9784
6051.5	2.7376	47.6237	93.465
6052	2.7471	47.7693	91.4473
6052.5	2.7444	47.9032	91.252
6053	2.7308	48.0259	91.4465
6053.5	2.7321	47.8528	89.6736
6054	2.7419	47.6687	92.0346
6054.5	2.7674	46.8019	89.3685
6055	2.7799	46.3117	91.0893
6055.5	2.7975	46.1445	89.9114
6056	2.8159	46.1696	92.34
6056.5	2.8176	46.1094	90.5335
6057	2.8323	46.7852	92.0117
6057.5	2.8333	46.7725	92.3135
6058	2.826	47.0912	91.1874
6058.5	2.8021	47.3951	93.5007
6059	2.7381	47.4946	92.2673
6059.5	2.7345	47.4883	91.8019
6060	2.7536	47.3173	91.0607
6060.5	2.8023	47.2596	89.5473
6061	2.8562	47.221	90.9772
6061.5	2.844	46.7916	91.0126
6062	2.8044	46.7712	90.9754
6062.5	2.734	46.6379	90.7689
6063	2.7155	46.7519	91.0233
6063.5	2.733	47.0898	90.9703
6064	2.7244	47.0691	92.4282
6064.5	2.7255	47.3962	91.7667
6065	2.7303	47.4708	91.911
6065.5	2.7218	47.4411	90.9048
6066	2.7207	47.3951	91.7425
6066.5	2.7212	47.2943	91.6784
6067	2.7256	47.3845	90.9529
6067.5	2.7524	47.2934	90.5027
6068	2.7311	47.4841	90.8251
6068.5	2.7149	47.6479	91.4284
6069	2.7234	47.5193	91.287
6069.5	2.7383	47.4918	91.8143
6070	2.7349	47.4508	91.3144
6070.5	2.7001	47.3977	90.7376
6071	2.72	46.9109	92.0949
6071.5	2.723	46.826	91.9051
6072	2.7323	46.8356	91.8963
6072.5	2.7238	46.925	91.0065
6073	2.7193	47.3488	90.5417
6073.5	2.7286	47.4544	90.8371
6074	2.7276	47.5266	90.9993
6074.5	2.7277	47.5971	91.7339
6075	2.7327	47.6223	90.6534
6075.5	2.7288	47.5261	91.9769
6076	2.7427	47.4786	91.7977
6076.5	2.7358	47.6033	91.5829
6077	2.7259	47.6134	92.4582
6077.5	2.7223	47.6582	91.7993
6078	2.7169	47.6627	92.1593
6078.5	2.721	47.7687	91.9219
6079	2.7192	47.7657	91.7433
6079.5	2.7061	47.6988	90.6612
6080	2.718	47.7781	92.2588
6080.5	2.7233	47.7809	92.2588
6081	2.7354	47.7596	92.4686
6081.5	2.734	47.8166	92.437
6082	2.7364	47.7607	92.7332
6082.5	2.731	47.7951	92.6854
6083	2.7275	47.7656	91.6222
6083.5	2.7189	47.8365	92.0685
6084	2.7184	48.0453	91.7106
6084.5	2.7203	47.9328	90.8352
6085	2.7087	47.9622	92.7743
6085.5	2.7222	47.9083	92.2574
6086	2.7165	47.8883	91.0504
6086.5	2.7274	47.8593	92.0154
6087	2.7471	47.6687	92.4997
6087.5	2.7083	47.8803	92.7436
6088	2.7092	47.4661	92.3002
6088.5	2.7163	47.8791	91.5527
6089	2.7469	47.9329	91.7494
6089.5	2.7228	47.8388	91.8087
6090	2.7319	47.7945	92.3032
6090.5	2.7265	47.7589	92.3252
6091	2.7307	47.7595	92.8476
6091.5	2.7246	47.6755	93.0705
6092	2.7202	47.712	90.5822
6092.5	2.7368	47.844	90.5822
6093	2.7315	47.9609	92.64
6093.5	2.7337	48.0568	92.0777
6094	2.732	48.1789	92.2081
6094.5	2.7477	48.27	92.5011
6095	2.7471	48.2941	92.1507
6095.5	2.7315	48.1838	92.4359
6096	2.7149	48.2042	92.1578
6096.5	2.7309	48.4338	92.5915
6097	2.7303	48.3028	92.1606
6097.5	2.7166	48.2177	91.9091
6098	2.6928	48.0654	91.9251
6098.5	2.6878	47.9881	91.3589
6099	2.7156	48.0406	92.7388
6099.5	2.7152	47.7703	92.679
6100	2.7306	47.8134	91.918
6100.5	2.7307	47.8293	91.9726
6101	2.7211	47.957	91.9487
6101.5	2.7104	47.914	91.7708
6102	2.7114	47.8242	92.3815
6102.5	2.7111	47.8552	92.2218
6103	2.7124	47.7746	91.1008
6103.5	2.7295	47.942	91.5774
6104	2.7174	48.0454	91.8124
6104.5	2.7142	48.185	91.2736
6105	2.705	48.2075	91.8379
6105.5	2.7167	48.0975	92.3309
6106	2.7154	47.8599	92.9547
6106.5	2.7366	47.9733	92.7968
6107	2.7279	48.0064	92.5529
6107.5	2.7365	47.9984	92.9306
6108	2.7279	47.9581	92.975
6108.5	2.7183	47.8051	92.7294
6109	2.7054	47.743	92.9431
6109.5	2.7139	47.7965	92.6087
6110	2.7136	47.7336	92.7079
6110.5	2.7339	47.7519	90.8093
6111	2.7155	47.7138	90.6524
6111.5	2.7248	47.703	93.7538
6112	2.7223	47.6886	91.2523
6112.5	2.7241	47.6324	93.2012
6113	2.7265	47.6176	94.2874
6113.5	2.7278	47.7472	92.4351
6114	2.7247	47.8464	94.3712
6114.5	2.7074	47.9237	93.4548
6115	2.7089	48.1147	93.4915
6115.5	2.7232	47.991	92.9127
6116	2.7399	48.0056	93.7629
6116.5	2.7245	47.8767	93.4903
6117	2.7179	47.8058	92.597
6117.5	2.7024	47.7945	92.4244
6118	2.704	47.8879	92.6581
6118.5	2.7276	48.1801	94.7176
6119	2.7202	48.4563	94.4596
6119.5	2.7156	48.2172	91.8342
6120	2.7096	48.25	94.6131
6120.5	2.7158	48.201	94.14
6121	2.7002	48.0842	92.5766
6121.5	2.7063	47.9824	92.8809
6122	2.696	47.702	92.7903
6122.5	2.7028	47.5711	89.5138
6123	2.7107	47.5036	92.0026
6123.5	2.7108	47.5574	92.3381
6124	2.7198	47.7242	93.1133
6124.5	2.7083	47.7297	92.6563
6125	2.7107	47.8173	93.2142
6125.5	2.704	47.8915	94.9097
6126	2.7019	47.8206	94.9097
6126.5	2.7046	47.717	91.6084
6127	2.7063	47.7084	94.3613
6127.5	2.7096	47.6874	90.3991
6128	2.7173	47.7513	93.2583
6128.5	2.7138	47.7408	91.6902
6129	2.7213	47.7923	92.5736
6129.5	2.7205	47.791	90.0982
6130	2.695	47.7532	89.8149
6130.5	2.7014	47.4794	91.4271
6131	2.7245	47.4489	90.1433
6131.5	2.7235	47.2972	91.8448
6132	2.7187	46.552	91.0295
6132.5	2.7197	46.4875	92.4243
6133	2.7249	46.5811	93.9983
6133.5	2.7225	47.3205	91.1789
6134	2.7173	47.4054	93.737
6134.5	2.7116	47.608	93.1906
6135	2.7183	47.7136	92.9433
6135.5	2.7321	47.6904	93.7342
6136	2.7178	47.7754	93.3233
6136.5	2.717	47.7644	91.1377
6137	2.7257	47.7923	94.7924
6137.5	2.7152	47.7818	94.3722
6138	2.7057	47.7806	94.6202
6138.5	2.7	47.8329	94.1042
6139	2.7032	47.8226	93.3197
6139.5	2.7183	47.7528	93.6128
6140	2.7215	47.7019	93.0299
6140.5	2.7334	47.5676	93.254
6141	2.7525	47.5965	94.0417
6141.5	2.7463	47.5866	93.111
6142	2.7327	47.6123	93.8365
6142.5	2.7403	47.6492	94.3835
6143	2.7534	47.5902	94.6606
6143.5	2.75	47.6433	95.0127
6144	2.7508	47.5789	94.6745
6144.5	2.7282	47.4885	95.2252
6145	2.7266	47.5207	94.8067
6145.5	2.7129	47.6121	94.8105
6146	2.7201	47.6052	94.919
6146.5	2.7254	47.6148	95.1687
6147	2.7248	47.613	95.1687
6147.5	2.7333	47.5166	95.1687
6148	2.7535	47.0507	95.1687
6148.5	2.7456	46.9126	95.1687
6149	2.7207	46.7725	95.1687
6149.5	2.7166	46.7841	95.1687
6150	2.6673	46.8518	95.1687
6150.5	2.7251	46.9309	95.1687
6151	2.7515	47.0692	95.1687
6151.5	2.7389	47.3902	95.1687
6152	2.757	47.4253	95.1687
6152.5	2.7575	47.4445	95.1687
6153	2.8188	47.4431	95.1687
6153.5	2.8477	47.4527	95.1687
6154	2.8473	47.4709	95.1687
6154.5	2.8343	47.4767	95.1687
6155	2.8404	47.506	95.1687
6155.5	2.7685	47.5256	95.1687
6156	2.7422	47.524	95.1687
6156.5	2.7103	47.5294	95.1687
6157	2.7216	47.5272	95.1687
6157.5	2.7016	47.5257	95.1687
6158	2.7211	47.5222	95.1687
6158.5	2.7129	47.5307	95.1687
6159	2.7168	47.5318	95.1687
6159.5	2.7245	47.5318	95.1687
6160	2.7456	47.5318	95.1687
6160.5	2.726	47.5318	95.1687
6161	2.7269	47.5318	95.1687
6161.5	2.731	47.5318	95.1687
6162	2.7142	47.5318	95.1687
6162.5	2.705	47.5318	95.1687
6163	2.7319	47.5318	95.1687
6163.5	2.7249	47.5318	95.1687
6164	2.7277	47.5318	95.1687
6164.5	2.7191	47.5318	95.1687
6165	2.7151	47.5318	95.1687
6165.5	2.7187	47.5318	95.1687
6166	2.7253	47.5318	95.1687
6166.5	2.7073	47.5318	95.1687
6167	2.7059	47.5318	95.1687
6167.5	2.6937	47.5318	95.1687
6168	2.7059	47.5318	95.1687
6168.5	2.7014	47.5318	95.1687
6169	2.7043	47.5318	95.1687
6169.5	2.7007	47.5318	95.1687
6170	2.6953	47.5318	95.1687
6170.5	2.7172	47.5318	95.1687
6171	2.7149	47.5318	95.1687
6171.5	2.7165	47.5318	95.1687
6172	2.737	47.5318	95.1687
6172.5	2.6448	47.5318	95.1687
6173	2.5442	47.5318	95.1687
6173.5	2.3275	47.5318	95.1687
6174	1.4253	47.5318	95.1687
6174.5	1.9579	47.5318	95.1687
6175	2.0585	47.5318	95.1687
6175.5	2.0592	47.5318	95.1687
6176	2.063	47.5318	95.1687
6176.5	2.0699	47.5318	95.1687
6177	2.084	47.5318	95.1687
6177.5	2.0946	47.5318	95.1687
6178	2.0913	47.5318	95.1687
6178.5	2.0844	47.5561	95.1687
6179	2.0899	47.6354	95.1687
6179.5	2.0869	47.593	95.1687
6180	2.0695	47.722	95.1687
6180.5	2.0843	48.3588	95.1687
6181	2.0974	47.5318	95.1687
6181.5	2.1225	47.5318	95.1687
6182	2.1057	47.5318	95.1687
6182.5	2.0815	47.5318	95.1687
6183	2.0808	47.5318	95.1687
6183.5	2.0315	47.5318	95.1687
6184	2.0565	47.5318	95.1687
6184.5	2.0624	47.5318	95.1687
6185	2.0648	47.5318	95.1687
6185.5	2.065	47.5318	95.1687
6186	2.065	47.5318	95.1687
6186.5	2.065	47.5318	95.1687
6187	2.065	47.5318	95.1687
6187.5	2.065	47.5318	95.1687
6188	2.065	47.5318	95.1687
6188.5	2.065	47.5318	95.1687
6189	2.065	47.5318	95.1687
6189.5	2.065	47.5318	95.1687
6190	2.0651	47.5318	95.1687
6190.5	2.0653	47.5318	95.1687
6191	2.0663	47.5318	95.1687
6191.5	2.0703	47.5318	95.1687
6192	2.0857	47.5318	95.1687
6192.5	2.1434	47.5318	95.1687
6193	2.3314	47.5318	95.1687
6193.5	2.6056	47.5318	95.1687
6194	2.6056	47.5318	95.1687
6194.5	2.6056	47.5318	95.1687
6195	2.6056	47.5318	95.1687
